NAME	PREFIX	SERIES	LEVEL	MAGIC_ID	MAG_P1_MIN	MAG_P1_MAX	MAG_P2_MIN	MAG_P2_MAX	MAG_P3_MIN	MAG_P3_MAX	BASE_VALUE	SWORD	BLADE	WAND	SPEAR	HAMMER	DUALBLADES	DARTS	KNIFE	CROSSBOW	ARMOR	RING	NECKLACE	AMULET	BOOT	BELT	HELM	CUFF	SACHET	PENDANT	METAL	WOOD	WATER	FIRE	EARTH	REMARK
T¨ng hiÖu qu¶ s¸t th­¬ng	1		1	126	100	100	-1	-1	6	6	5000000000	5000000000	5000000000	5000000000	5000000000	5000000000	5000000000	5000000000	5000000000	5000000000	0	0	0	0	0	0	0	0	0	0	80	65	100	30	30	
T¨ng hiÖu qu¶ s¸t th­¬ng	1		2	126	100	100	-1	-1	6	6	5000000000	5000000000	5000000000	5000000000	5000000000	5000000000	5000000000	5000000000	5000000000	5000000000	0	0	0	0	0	0	0	0	0	0	80	65	100	30	30	
T¨ng hiÖu qu¶ s¸t th­¬ng	1		3	126	100	100	-1	-1	6	6	5000000000	5000000000	5000000000	5000000000	5000000000	5000000000	5000000000	5000000000	5000000000	5000000000	0	0	0	0	0	0	0	0	0	0	80	65	100	30	30	
T¨ng hiÖu qu¶ s¸t th­¬ng	1		4	126	100	100	-1	-1	6	6	5000000000	5000000000	5000000000	5000000000	5000000000	5000000000	5000000000	5000000000	5000000000	5000000000	0	0	0	0	0	0	0	0	0	0	80	65	100	30	30	
T¨ng hiÖu qu¶ s¸t th­¬ng	1		5	126	100	100	-1	-1	6	6	5000000000	5000000000	5000000000	5000000000	5000000000	5000000000	5000000000	5000000000	5000000000	5000000000	0	0	0	0	0	0	0	0	0	0	80	65	100	30	30	
T¨ng hiÖu qu¶ s¸t th­¬ng	1		6	126	100	100	-1	-1	6	6	5000000000	5000000000	5000000000	5000000000	5000000000	5000000000	5000000000	5000000000	5000000000	5000000000	0	0	0	0	0	0	0	0	0	0	80	65	100	30	30	
T¨ng hiÖu qu¶ s¸t th­¬ng	1		7	126	100	100	-1	-1	6	6	5000000000	5000000000	5000000000	5000000000	5000000000	5000000000	5000000000	5000000000	5000000000	5000000000	0	0	0	0	0	0	0	0	0	0	80	65	100	30	30	
T¨ng hiÖu qu¶ s¸t th­¬ng	1		8	126	100	100	-1	-1	6	6	5000000000	5000000000	5000000000	5000000000	5000000000	5000000000	5000000000	5000000000	5000000000	5000000000	0	0	0	0	0	0	0	0	0	0	80	65	100	30	30	
T¨ng hiÖu qu¶ s¸t th­¬ng	1		9	126	100	100	-1	-1	6	6	5000000000	5000000000	5000000000	5000000000	5000000000	5000000000	5000000000	5000000000	5000000000	5000000000	0	0	0	0	0	0	0	0	0	0	80	65	100	30	30	
T¨ng hiÖu qu¶ s¸t th­¬ng	1		10	126	100	100	-1	-1	6	6	5000000000	5000000000	5000000000	5000000000	5000000000	5000000000	5000000000	5000000000	5000000000	5000000000	0	0	0	0	0	0	0	0	0	0	80	65	100	30	30	
T¨ng chÝnh x¸c	1		1	166	300	300	-1	-1	0	0	5000000000	5000000000	5000000000	5000000000	5000000000	5000000000	5000000000	5000000000	5000000000	5000000000	0	0	0	0	0	0	0	0	0	0	80	60	100	30	30	
T¨ng chÝnh x¸c	1		2	166	300	300	-1	-1	0	0	5000000000	5000000000	5000000000	5000000000	5000000000	5000000000	5000000000	5000000000	5000000000	5000000000	0	0	0	0	0	0	0	0	0	0	80	60	100	30	30	
T¨ng chÝnh x¸c	1		3	166	300	300	-1	-1	0	0	5000000000	5000000000	5000000000	5000000000	5000000000	5000000000	5000000000	5000000000	5000000000	5000000000	0	0	0	0	0	0	0	0	0	0	80	60	100	30	30	
T¨ng chÝnh x¸c	1		4	166	300	300	-1	-1	0	0	5000000000	5000000000	5000000000	5000000000	5000000000	5000000000	5000000000	5000000000	5000000000	5000000000	0	0	0	0	0	0	0	0	0	0	80	60	100	30	30	
T¨ng chÝnh x¸c	1		5	166	300	300	-1	-1	0	0	5000000000	5000000000	5000000000	5000000000	5000000000	5000000000	5000000000	5000000000	5000000000	5000000000	0	0	0	0	0	0	0	0	0	0	80	60	100	30	30	
T¨ng chÝnh x¸c	1		6	166	300	300	-1	-1	0	0	5000000000	5000000000	5000000000	5000000000	5000000000	5000000000	5000000000	5000000000	5000000000	5000000000	0	0	0	0	0	0	0	0	0	0	80	60	100	30	30	
T¨ng chÝnh x¸c	1		7	166	300	300	-1	-1	0	0	5000000000	5000000000	5000000000	5000000000	5000000000	5000000000	5000000000	5000000000	5000000000	5000000000	0	0	0	0	0	0	0	0	0	0	80	60	100	30	30	
T¨ng chÝnh x¸c	1		8	166	300	300	-1	-1	0	0	5000000000	5000000000	5000000000	5000000000	5000000000	5000000000	5000000000	5000000000	5000000000	5000000000	0	0	0	0	0	0	0	0	0	0	80	60	100	30	30	
T¨ng chÝnh x¸c	1		9	166	300	300	-1	-1	0	0	5000000000	5000000000	5000000000	5000000000	5000000000	5000000000	5000000000	5000000000	5000000000	5000000000	0	0	0	0	0	0	0	0	0	0	80	60	100	30	30	
T¨ng chÝnh x¸c	1		10	166	300	300	-1	-1	0	0	5000000000	5000000000	5000000000	5000000000	5000000000	5000000000	5000000000	5000000000	5000000000	5000000000	0	0	0	0	0	0	0	0	0	0	80	60	100	30	30	
T¨ng tèc ®é c«ng kÝch	1		1	115	30	30	-1	-1	0	0	5000000000	5000000000	5000000000	5000000000	5000000000	5000000000	5000000000	5000000000	5000000000	5000000000	0	0	0	0	0	0	0	0	0	0	100	65	100	40	40	
T¨ng tèc ®é c«ng kÝch	1		2	115	30	30	-1	-1	0	0	5000000000	5000000000	5000000000	5000000000	5000000000	5000000000	5000000000	5000000000	5000000000	5000000000	0	0	0	0	0	0	0	0	0	0	100	65	100	40	40	
T¨ng tèc ®é c«ng kÝch	1		3	115	30	30	-1	-1	0	0	5000000000	5000000000	5000000000	5000000000	5000000000	5000000000	5000000000	5000000000	5000000000	5000000000	0	0	0	0	0	0	0	0	0	0	100	65	100	40	40	
T¨ng tèc ®é c«ng kÝch	1		4	115	30	30	-1	-1	0	0	5000000000	5000000000	5000000000	5000000000	5000000000	5000000000	5000000000	5000000000	5000000000	5000000000	0	0	0	0	0	0	0	0	0	0	100	65	100	40	40	
T¨ng tèc ®é c«ng kÝch	1		5	115	30	30	-1	-1	0	0	5000000000	5000000000	5000000000	5000000000	5000000000	5000000000	5000000000	5000000000	5000000000	5000000000	0	0	0	0	0	0	0	0	0	0	100	65	100	40	40	
T¨ng tèc ®é c«ng kÝch	1		6	115	30	30	-1	-1	0	0	5000000000	5000000000	5000000000	5000000000	5000000000	5000000000	5000000000	5000000000	5000000000	5000000000	0	0	0	0	0	0	0	0	0	0	100	65	100	40	40	
T¨ng tèc ®é c«ng kÝch	1		7	115	30	30	-1	-1	0	0	5000000000	5000000000	5000000000	5000000000	5000000000	5000000000	5000000000	5000000000	5000000000	5000000000	0	0	0	0	0	0	0	0	0	0	100	65	100	40	40	
T¨ng tèc ®é c«ng kÝch	1		8	115	30	30	-1	-1	0	0	5000000000	5000000000	5000000000	5000000000	5000000000	5000000000	5000000000	5000000000	5000000000	5000000000	0	0	0	0	0	0	0	0	0	0	100	65	100	40	40	
T¨ng tèc ®é c«ng kÝch	1		9	115	30	30	-1	-1	0	0	5000000000	5000000000	5000000000	5000000000	5000000000	5000000000	5000000000	5000000000	5000000000	5000000000	0	0	0	0	0	0	0	0	0	0	100	65	100	40	40	
T¨ng tèc ®é c«ng kÝch	1		10	115	30	30	-1	-1	0	0	5000000000	5000000000	5000000000	5000000000	5000000000	5000000000	5000000000	5000000000	5000000000	5000000000	0	0	0	0	0	0	0	0	0	0	100	65	100	40	40	
Bá qua phßng thñ ®èi ph­¬ng	1		1	58	1	1	-1	-1	0	0	5000000000	5000000000	5000000000	5000000000	5000000000	5000000000	5000000000	5000000000	5000000000	5000000000	0	0	0	0	0	0	0	0	0	0	50	40	100	30	30	
Bá qua phßng thñ ®èi ph­¬ng	1		2	58	1	1	-1	-1	0	0	5000000000	5000000000	5000000000	5000000000	5000000000	5000000000	5000000000	5000000000	5000000000	5000000000	0	0	0	0	0	0	0	0	0	0	50	40	100	30	30	
Bá qua phßng thñ ®èi ph­¬ng	1		3	58	1	1	-1	-1	0	0	5000000000	5000000000	5000000000	5000000000	5000000000	5000000000	5000000000	5000000000	5000000000	5000000000	0	0	0	0	0	0	0	0	0	0	50	40	100	30	30	
Bá qua phßng thñ ®èi ph­¬ng	1		4	58	1	1	-1	-1	0	0	5000000000	5000000000	5000000000	5000000000	5000000000	5000000000	5000000000	5000000000	5000000000	5000000000	0	0	0	0	0	0	0	0	0	0	50	40	100	30	30	
Bá qua phßng thñ ®èi ph­¬ng	1		5	58	1	1	-1	-1	0	0	5000000000	5000000000	5000000000	5000000000	5000000000	5000000000	5000000000	5000000000	5000000000	5000000000	0	0	0	0	0	0	0	0	0	0	50	40	100	30	30	
Bá qua phßng thñ ®èi ph­¬ng	1		6	58	1	1	-1	-1	0	0	5000000000	5000000000	5000000000	5000000000	5000000000	5000000000	5000000000	5000000000	5000000000	5000000000	0	0	0	0	0	0	0	0	0	0	50	40	100	30	30	
Bá qua phßng thñ ®èi ph­¬ng	1		7	58	1	1	-1	-1	0	0	5000000000	5000000000	5000000000	5000000000	5000000000	5000000000	5000000000	5000000000	5000000000	5000000000	0	0	0	0	0	0	0	0	0	0	50	40	100	30	30	
Bá qua phßng thñ ®èi ph­¬ng	1		8	58	1	1	-1	-1	0	0	5000000000	5000000000	5000000000	5000000000	5000000000	5000000000	5000000000	5000000000	5000000000	5000000000	0	0	0	0	0	0	0	0	0	0	50	40	100	30	30	
Bá qua phßng thñ ®èi ph­¬ng	1		9	58	1	1	-1	-1	0	0	5000000000	5000000000	5000000000	5000000000	5000000000	5000000000	5000000000	5000000000	5000000000	5000000000	0	0	0	0	0	0	0	0	0	0	50	40	100	30	30	
Bá qua phßng thñ ®èi ph­¬ng	1		10	58	1	1	-1	-1	0	0	5000000000	5000000000	5000000000	5000000000	5000000000	5000000000	5000000000	5000000000	5000000000	5000000000	0	0	0	0	0	0	0	0	0	0	50	40	100	30	30	
Kh«ng thÓ ph¸ hñy	1		1	43	1	1	-1	-1	0	0	0	0	0	0	0	0	0	0	0	0	0	0	0	0	0	0	0	0	0	0	0	0	0	0	0	
Kh«ng thÓ ph¸ hñy	1		2	43	1	1	-1	-1	0	0	0	0	0	0	0	0	0	0	0	0	0	0	0	0	0	0	0	0	0	0	0	0	0	0	0	
Kh«ng thÓ ph¸ hñy	1		3	43	1	1	-1	-1	0	0	0	0	0	0	0	0	0	0	0	0	0	0	0	0	0	0	0	0	0	0	0	0	0	0	0	
Kh«ng thÓ ph¸ hñy	1		4	43	1	1	-1	-1	0	0	0	0	0	0	0	0	0	0	0	0	0	0	0	0	0	0	0	0	0	0	0	0	0	0	0	
Kh«ng thÓ ph¸ hñy	1		5	43	1	1	-1	-1	0	0	0	0	0	0	0	0	0	0	0	0	0	0	0	0	0	0	0	0	0	0	0	0	0	0	0	
Kh«ng thÓ ph¸ hñy	1		6	43	1	1	-1	-1	0	0	0	0	0	0	0	0	0	0	0	0	0	0	0	0	0	0	0	0	0	0	0	0	0	0	0	
Kh«ng thÓ ph¸ hñy	1		7	43	1	1	-1	-1	0	0	0	0	0	0	0	0	0	0	0	0	0	0	0	0	0	0	0	0	0	0	0	0	0	0	0	
Kh«ng thÓ ph¸ hñy	1		8	43	1	1	-1	-1	0	0	0	0	0	0	0	0	0	0	0	0	0	0	0	0	0	0	0	0	0	0	0	0	0	0	0	
Kh«ng thÓ ph¸ hñy	1		9	43	1	1	-1	-1	0	0	0	0	0	0	0	0	0	0	0	0	0	0	0	0	0	0	0	0	0	0	0	0	0	0	0	
Kh«ng thÓ ph¸ hñy	1		10	43	1	1	-1	-1	0	0	0	0	0	0	0	0	0	0	0	0	0	0	0	0	0	0	0	0	0	0	0	0	0	0	0	
T¨ng phßng thñ ®èi ®a	1		1	150	250	250	-1	-1	0	0	0	0	0	0	0	0	0	0	0	0	0	0	0	0	0	0	0	0	0	0	0	0	0	0	0	
T¨ng phßng thñ ®èi ®a	1		2	150	250	250	-1	-1	0	0	0	0	0	0	0	0	0	0	0	0	0	0	0	0	0	0	0	0	0	0	0	0	0	0	0	
T¨ng phßng thñ ®èi ®a	1		3	150	250	250	-1	-1	0	0	0	0	0	0	0	0	0	0	0	0	0	0	0	0	0	0	0	0	0	0	0	0	0	0	0	
T¨ng phßng thñ ®èi ®a	1		4	150	250	250	-1	-1	0	0	0	0	0	0	0	0	0	0	0	0	0	0	0	0	0	0	0	0	0	0	0	0	0	0	0	
T¨ng phßng thñ ®èi ®a	1		5	150	250	250	-1	-1	0	0	0	0	0	0	0	0	0	0	0	0	0	0	0	0	0	0	0	0	0	0	0	0	0	0	0	
T¨ng phßng thñ ®èi ®a	1		6	150	250	250	-1	-1	0	0	0	0	0	0	0	0	0	0	0	0	0	0	0	0	0	0	0	0	0	0	0	0	0	0	0	
T¨ng phßng thñ ®èi ®a	1		7	150	250	250	-1	-1	0	0	0	0	0	0	0	0	0	0	0	0	0	0	0	0	0	0	0	0	0	0	0	0	0	0	0	
T¨ng phßng thñ ®èi ®a	1		8	150	250	250	-1	-1	0	0	0	0	0	0	0	0	0	0	0	0	0	0	0	0	0	0	0	0	0	0	0	0	0	0	0	
T¨ng phßng thñ ®èi ®a	1		9	150	250	250	-1	-1	0	0	0	0	0	0	0	0	0	0	0	0	0	0	0	0	0	0	0	0	0	0	0	0	0	0	0	
T¨ng phßng thñ ®èi ®a	1		10	150	250	250	-1	-1	0	0	0	0	0	0	0	0	0	0	0	0	0	0	0	0	0	0	0	0	0	0	0	0	0	0	0	
T¨ng tèc ®é ch¹y vµ ®i bé 	1		1	111	40	40	-1	-1	0	0	5000000000	0	0	0	0	0	0	0	0	0	0	0	0	0	50000	0	0	0	0	0	60	50	100	60	70	
T¨ng tèc ®é ch¹y vµ ®i bé 	1		2	111	40	40	-1	-1	0	0	5000000000	0	0	0	0	0	0	0	0	0	0	0	0	0	150000	0	0	0	0	0	60	50	100	60	70	
T¨ng tèc ®é ch¹y vµ ®i bé 	1		3	111	40	40	-1	-1	0	0	5000000000	0	0	0	0	0	0	0	0	0	0	0	0	0	450000	0	0	0	0	0	60	50	100	60	70	
T¨ng tèc ®é ch¹y vµ ®i bé 	1		4	111	40	40	-1	-1	0	0	5000000000	0	0	0	0	0	0	0	0	0	0	0	0	0	1000000	0	0	0	0	0	60	50	100	60	70	
T¨ng tèc ®é ch¹y vµ ®i bé 	1		4	111	40	40	-1	-1	0	0	5000000000	0	0	0	0	0	0	0	0	0	0	0	0	0	3000000	0	0	0	0	0	60	50	100	60	70	
T¨ng tèc ®é ch¹y vµ ®i bé 	1		6	111	40	40	-1	-1	0	0	5000000000	0	0	0	0	0	0	0	0	0	0	0	0	0	6000000	0	0	0	0	0	60	50	100	60	70	
T¨ng tèc ®é ch¹y vµ ®i bé 	1		5	111	40	40	-1	-1	0	0	5000000000	0	0	0	0	0	0	0	0	0	0	0	0	0	12000000	0	0	0	0	0	60	50	100	60	70	
T¨ng tèc ®é ch¹y vµ ®i bé 	1		8	111	40	40	-1	-1	0	0	5000000000	0	0	0	0	0	0	0	0	0	0	0	0	0	24000000	0	0	0	0	0	60	50	100	60	70	
T¨ng tèc ®é ch¹y vµ ®i bé 	1		9	111	40	40	-1	-1	0	0	5000000000	0	0	0	0	0	0	0	0	0	0	0	0	0	35000000	0	0	0	0	0	60	50	100	60	70	
T¨ng tèc ®é ch¹y vµ ®i bé 	1		10	111	40	40	-1	-1	0	0	5000000000	0	0	0	0	0	0	0	0	0	0	0	0	0	60000000	0	0	0	0	0	60	100	100	90	70	
Ph¶n ®ßn VËt lý 	1		1	117	20	20	-1	-1	0	0	5000000000	0	0	0	0	0	0	0	0	0	5000000000	0	0	0	0	0	0	0	0	0	60	100	90	100	70	
Ph¶n ®ßn VËt lý 	1		2	117	20	20	-1	-1	0	0	5000000000	0	0	0	0	0	0	0	0	0	5000000000	0	0	0	0	0	0	0	0	0	60	100	90	100	70	
Ph¶n ®ßn VËt lý 	1		3	117	20	20	-1	-1	0	0	5000000000	0	0	0	0	0	0	0	0	0	5000000000	0	0	0	0	0	0	0	0	0	60	100	90	100	70	
Ph¶n ®ßn VËt lý 	1		4	117	20	20	-1	-1	0	0	5000000000	0	0	0	0	0	0	0	0	0	5000000000	0	0	0	0	0	0	0	0	0	60	100	90	100	70	
Ph¶n ®ßn VËt lý 	1		5	117	20	20	-1	-1	0	0	5000000000	0	0	0	0	0	0	0	0	0	5000000000	0	0	0	0	0	0	0	0	0	60	100	90	100	70	
Ph¶n ®ßn VËt lý 	1		6	117	20	20	-1	-1	0	0	5000000000	0	0	0	0	0	0	0	0	0	5000000000	0	0	0	0	0	0	0	0	0	60	100	90	100	70	
Ph¶n ®ßn VËt lý 	1		7	117	20	20	-1	-1	0	0	5000000000	0	0	0	0	0	0	0	0	0	5000000000	0	0	0	0	0	0	0	0	0	60	100	90	100	70	
Ph¶n ®ßn VËt lý 	1		8	117	20	20	-1	-1	0	0	5000000000	0	0	0	0	0	0	0	0	0	5000000000	0	0	0	0	0	0	0	0	0	60	100	90	100	70	
Ph¶n ®ßn VËt lý 	1		9	117	20	20	-1	-1	0	0	5000000000	0	0	0	0	0	0	0	0	0	5000000000	0	0	0	0	0	0	0	0	0	60	100	90	100	70	
Ph¶n ®ßn VËt lý 	1		10	117	20	20	-1	-1	0	0	5000000000	0	0	0	0	0	0	0	0	0	5000000000	0	0	0	0	0	0	0	0	0	60	100	90	100	70	
Phôc håi tr¹ng th¸i c«ng kÝch	1		1	113	40	40	-1	-1	0	0	5000000000	0	0	0	0	0	0	0	0	0	5000000000	0	0	0	0	0	0	0	0	0	60	100	90	100	70	
Phôc håi tr¹ng th¸i c«ng kÝch	1		2	113	40	40	-1	-1	0	0	5000000000	0	0	0	0	0	0	0	0	0	5000000000	0	0	0	0	0	0	0	0	0	60	100	90	100	70	
Phôc håi tr¹ng th¸i c«ng kÝch	1		3	113	40	40	-1	-1	0	0	5000000000	0	0	0	0	0	0	0	0	0	5000000000	0	0	0	0	0	0	0	0	0	60	100	90	100	70	
Phôc håi tr¹ng th¸i c«ng kÝch	1		4	113	40	40	-1	-1	0	0	5000000000	0	0	0	0	0	0	0	0	0	5000000000	0	0	0	0	0	0	0	0	0	60	100	90	100	70	
Phôc håi tr¹ng th¸i c«ng kÝch	1		5	113	40	40	-1	-1	0	0	5000000000	0	0	0	0	0	0	0	0	0	5000000000	0	0	0	0	0	0	0	0	0	60	100	90	100	70	
Phôc håi tr¹ng th¸i c«ng kÝch	1		6	113	40	40	-1	-1	0	0	5000000000	0	0	0	0	0	0	0	0	0	5000000000	0	0	0	0	0	0	0	0	0	60	100	90	100	70	
Phôc håi tr¹ng th¸i c«ng kÝch	1		7	113	40	40	-1	-1	0	0	5000000000	0	0	0	0	0	0	0	0	0	5000000000	0	0	0	0	0	0	0	0	0	60	100	90	100	70	
Phôc håi tr¹ng th¸i c«ng kÝch	1		8	113	40	40	-1	-1	0	0	5000000000	0	0	0	0	0	0	0	0	0	5000000000	0	0	0	0	0	0	0	0	0	60	100	90	100	70	
Phôc håi tr¹ng th¸i c«ng kÝch	1		9	113	40	40	-1	-1	0	0	5000000000	0	0	0	0	0	0	0	0	0	5000000000	0	0	0	0	0	0	0	0	0	60	100	90	100	70	
Phôc håi tr¹ng th¸i c«ng kÝch	1		10	113	40	40	-1	-1	0	0	5000000000	0	0	0	0	0	0	0	0	0	5000000000	0	0	0	0	0	0	0	0	0	60	100	90	100	70	
T¨ng ph¹m vi s¸t th­¬ng	1		1	112	6	6	-1	-1	0	0	0	0	0	0	0	0	0	0	0	0	0	0	0	0	0	0	0	0	0	0	0	0	0	0	0	
T¨ng ph¹m vi s¸t th­¬ng	1		2	112	6	6	-1	-1	0	0	0	0	0	0	0	0	0	0	0	0	0	0	0	0	0	0	0	0	0	0	0	0	0	0	0	
T¨ng ph¹m vi s¸t th­¬ng	1		3	112	6	6	-1	-1	0	0	0	0	0	0	0	0	0	0	0	0	0	0	0	0	0	0	0	0	0	0	0	0	0	0	0	
T¨ng ph¹m vi s¸t th­¬ng	1		4	112	6	6	-1	-1	0	0	0	0	0	0	0	0	0	0	0	0	0	0	0	0	0	0	0	0	0	0	0	0	0	0	0	
T¨ng ph¹m vi s¸t th­¬ng	1		5	112	6	6	-1	-1	0	0	0	0	0	0	0	0	0	0	0	0	0	0	0	0	0	0	0	0	0	0	0	0	0	0	0	
T¨ng ph¹m vi s¸t th­¬ng	1		6	112	6	6	-1	-1	0	0	0	0	0	0	0	0	0	0	0	0	0	0	0	0	0	0	0	0	0	0	0	0	0	0	0	
T¨ng ph¹m vi s¸t th­¬ng	1		7	112	6	6	-1	-1	0	0	0	0	0	0	0	0	0	0	0	0	0	0	0	0	0	0	0	0	0	0	0	0	0	0	0	
T¨ng ph¹m vi s¸t th­¬ng	1		8	112	6	6	-1	-1	0	0	0	0	0	0	0	0	0	0	0	0	0	0	0	0	0	0	0	0	0	0	0	0	0	0	0	
T¨ng ph¹m vi s¸t th­¬ng	1		9	112	6	6	-1	-1	0	0	0	0	0	0	0	0	0	0	0	0	0	0	0	0	0	0	0	0	0	0	0	0	0	0	0	
T¨ng ph¹m vi s¸t th­¬ng	1		10	112	6	6	-1	-1	0	0	0	0	0	0	0	0	0	0	0	0	0	0	0	0	0	0	0	0	0	0	0	0	0	0	0	
T¨ng kü n¨ng	1		1	139	2	2	-1	-1	0	0	5000000000	0	0	0	0	0	0	0	0	0	0	0	0	0	0	0	0	0	0	0	100	100	100	100	100	
T¨ng kü n¨ng	1		2	139	2	2	-1	-1	0	0	5000000000	0	0	0	0	0	0	0	0	0	0	0	0	0	0	0	0	0	0	0	100	100	100	100	100	
T¨ng kü n¨ng	1		3	139	2	2	-1	-1	0	0	5000000000	0	0	0	0	0	0	0	0	0	0	0	0	0	0	0	0	0	0	0	100	100	100	100	100	
T¨ng kü n¨ng	1		4	139	2	2	-1	-1	0	0	5000000000	0	0	0	0	0	0	0	0	0	0	0	0	0	0	0	0	0	0	0	100	100	100	100	100	
T¨ng kü n¨ng	1		5	139	2	2	-1	-1	0	0	5000000000	0	0	0	0	0	0	0	0	0	0	0	0	0	0	0	0	0	0	0	100	100	100	100	100	
T¨ng kü n¨ng	1		6	139	2	2	-1	-1	0	0	5000000000	0	0	0	0	0	0	0	0	0	0	0	0	0	0	0	0	0	0	0	100	100	100	100	100	
T¨ng kü n¨ng	1		7	139	2	2	-1	-1	0	0	5000000000	0	0	0	0	0	0	0	0	0	0	0	0	0	0	0	0	0	0	0	100	100	100	100	100	
T¨ng kü n¨ng	1		8	139	2	2	-1	-1	0	0	5000000000	0	0	0	0	0	0	0	0	0	0	0	0	0	0	0	0	0	0	0	100	100	100	100	100	
T¨ng kü n¨ng	1		9	139	2	2	-1	-1	0	0	5000000000	0	0	0	0	0	0	0	0	0	0	0	0	0	0	0	0	0	0	0	100	100	100	100	100	
T¨ng kü n¨ng	1		10	139	2	2	-1	-1	0	0	5000000000	0	0	0	0	0	0	0	0	0	0	0	0	0	0	0	0	0	0	0	100	100	100	100	100	
t¨ng phßng thñ 	1		1	114	20	20	-1	-1	0	0	5000000000	0	0	0	0	0	0	0	0	0	0	0	0	0	0	0	0	0	0	0	90	100	40	40	50	
t¨ng phßng thñ 	1		2	114	20	20	-1	-1	0	0	5000000000	0	0	0	0	0	0	0	0	0	0	0	0	0	0	0	0	0	0	0	90	100	40	40	50	
t¨ng phßng thñ 	1		3	114	20	20	-1	-1	0	0	5000000000	0	0	0	0	0	0	0	0	0	0	0	0	0	0	0	0	0	0	0	90	100	40	40	50	
t¨ng phßng thñ 	1		4	114	20	20	-1	-1	0	0	5000000000	0	0	0	0	0	0	0	0	0	0	0	0	0	0	0	0	0	0	0	90	100	40	40	50	
t¨ng phßng thñ 	1		5	114	20	20	-1	-1	0	0	5000000000	0	0	0	0	0	0	0	0	0	0	0	0	0	0	0	0	0	0	0	90	100	40	40	50	
t¨ng phßng thñ 	1		6	114	20	20	-1	-1	0	0	5000000000	0	0	0	0	0	0	0	0	0	0	0	0	0	0	0	0	0	0	0	90	100	40	40	50	
t¨ng phßng thñ 	1		7	114	20	20	-1	-1	0	0	5000000000	0	0	0	0	0	0	0	0	0	0	0	0	0	0	0	0	0	0	0	90	100	40	40	50	
t¨ng phßng thñ 	1		8	114	20	20	-1	-1	0	0	5000000000	0	0	0	0	0	0	0	0	0	0	0	0	0	0	0	0	0	0	0	90	100	40	40	50	
t¨ng phßng thñ 	1		9	114	20	20	-1	-1	0	0	5000000000	0	0	0	0	0	0	0	0	0	0	0	0	0	0	0	0	0	0	0	90	100	40	40	50	
t¨ng phßng thñ 	1		10	114	20	20	-1	-1	0	0	5000000000	0	0	0	0	0	0	0	0	0	0	0	0	0	0	0	0	0	0	0	90	100	40	40	50	
hót Sinh lùc	1		1	136	10	10	-1	-1	0	0	5000000000	5000000000	5000000000	5000000000	5000000000	5000000000	5000000000	5000000000	5000000000	5000000000	0	0	0	0	0	0	0	0	0	0	60	60	100	50	50	
hót Sinh lùc	1		2	136	10	10	-1	-1	0	0	5000000000	5000000000	5000000000	5000000000	5000000000	5000000000	5000000000	5000000000	5000000000	5000000000	0	0	0	0	0	0	0	0	0	0	60	60	100	50	50	
hót Sinh lùc	1		3	136	10	10	-1	-1	0	0	5000000000	5000000000	5000000000	5000000000	5000000000	5000000000	5000000000	5000000000	5000000000	5000000000	0	0	0	0	0	0	0	0	0	0	60	60	100	50	50	
hót Sinh lùc	1		4	136	10	10	-1	-1	0	0	5000000000	5000000000	5000000000	5000000000	5000000000	5000000000	5000000000	5000000000	5000000000	5000000000	0	0	0	0	0	0	0	0	0	0	60	60	100	50	50	
hót Sinh lùc	1		5	136	10	10	-1	-1	0	0	5000000000	5000000000	5000000000	5000000000	5000000000	5000000000	5000000000	5000000000	5000000000	5000000000	0	0	0	0	0	0	0	0	0	0	60	60	100	50	50	
hót Sinh lùc	1		6	136	10	10	-1	-1	0	0	5000000000	5000000000	5000000000	5000000000	5000000000	5000000000	5000000000	5000000000	5000000000	5000000000	0	0	0	0	0	0	0	0	0	0	60	60	100	50	50	
hót Sinh lùc	1		7	136	10	10	-1	-1	0	0	5000000000	5000000000	5000000000	5000000000	5000000000	5000000000	5000000000	5000000000	5000000000	5000000000	0	0	0	0	0	0	0	0	0	0	60	60	100	50	50	
hót Sinh lùc	1		8	136	10	10	-1	-1	0	0	5000000000	5000000000	5000000000	5000000000	5000000000	5000000000	5000000000	5000000000	5000000000	5000000000	0	0	0	0	0	0	0	0	0	0	60	60	100	50	50	
hót Sinh lùc	1		9	136	10	10	-1	-1	0	0	5000000000	5000000000	5000000000	5000000000	5000000000	5000000000	5000000000	5000000000	5000000000	5000000000	0	0	0	0	0	0	0	0	0	0	60	60	100	50	50	
hót Sinh lùc	1		10	136	10	10	-1	-1	0	0	5000000000	5000000000	5000000000	5000000000	5000000000	5000000000	5000000000	5000000000	5000000000	5000000000	0	0	0	0	0	0	0	0	0	0	60	60	100	50	50	
hót Néi lùc	1		1	137	10	10	-1	-1	0	0	5000000000	5000000000	5000000000	5000000000	5000000000	5000000000	5000000000	5000000000	5000000000	5000000000	0	0	0	0	0	0	0	0	0	0	80	80	100	50	50	
hót Néi lùc	1		2	137	10	10	-1	-1	0	0	5000000000	5000000000	5000000000	5000000000	5000000000	5000000000	5000000000	5000000000	5000000000	5000000000	0	0	0	0	0	0	0	0	0	0	80	80	100	50	50	
hót Néi lùc	1		3	137	10	10	-1	-1	0	0	5000000000	5000000000	5000000000	5000000000	5000000000	5000000000	5000000000	5000000000	5000000000	5000000000	0	0	0	0	0	0	0	0	0	0	80	80	100	50	50	
hót Néi lùc	1		4	137	10	10	-1	-1	0	0	5000000000	5000000000	5000000000	5000000000	5000000000	5000000000	5000000000	5000000000	5000000000	5000000000	0	0	0	0	0	0	0	0	0	0	80	80	100	50	50	
hót Néi lùc	1		5	137	10	10	-1	-1	0	0	5000000000	5000000000	5000000000	5000000000	5000000000	5000000000	5000000000	5000000000	5000000000	5000000000	0	0	0	0	0	0	0	0	0	0	80	80	100	50	50	
hót Néi lùc	1		6	137	10	10	-1	-1	0	0	5000000000	5000000000	5000000000	5000000000	5000000000	5000000000	5000000000	5000000000	5000000000	5000000000	0	0	0	0	0	0	0	0	0	0	80	80	100	50	50	
hót Néi lùc	1		7	137	10	10	-1	-1	0	0	5000000000	5000000000	5000000000	5000000000	5000000000	5000000000	5000000000	5000000000	5000000000	5000000000	0	0	0	0	0	0	0	0	0	0	80	80	100	50	50	
hót Néi lùc	1		8	137	10	10	-1	-1	0	0	5000000000	5000000000	5000000000	5000000000	5000000000	5000000000	5000000000	5000000000	5000000000	5000000000	0	0	0	0	0	0	0	0	0	0	80	80	100	50	50	
hót Néi lùc	1		9	137	10	10	-1	-1	0	0	5000000000	5000000000	5000000000	5000000000	5000000000	5000000000	5000000000	5000000000	5000000000	5000000000	0	0	0	0	0	0	0	0	0	0	80	80	100	50	50	
hót Néi lùc	1		10	137	10	10	-1	-1	0	0	5000000000	5000000000	5000000000	5000000000	5000000000	5000000000	5000000000	5000000000	5000000000	5000000000	0	0	0	0	0	0	0	0	0	0	80	80	100	50	50	
T¨ng Sinh lùc 	1		1	85	200	200	-1	-1	0	0	5000000000	5000000000	5000000000	5000000000	5000000000	5000000000	5000000000	5000000000	5000000000	5000000000	5000000000	0	0	0	80000	100000	80000	100000	0	0	100	100	100	100	100	
T¨ng Sinh lùc 	1		2	85	200	200	-1	-1	0	0	5000000000	5000000000	5000000000	5000000000	5000000000	5000000000	5000000000	5000000000	5000000000	5000000000	5000000000	0	0	0	100000	150000	100000	150000	0	0	100	100	100	100	100	
T¨ng Sinh lùc 	1		3	85	200	200	-1	-1	0	0	5000000000	5000000000	5000000000	5000000000	5000000000	5000000000	5000000000	5000000000	5000000000	5000000000	5000000000	0	0	0	150000	200000	150000	200000	0	0	100	100	100	100	100	
T¨ng Sinh lùc 	1		4	85	200	200	-1	-1	0	0	5000000000	5000000000	5000000000	5000000000	5000000000	5000000000	5000000000	5000000000	5000000000	5000000000	5000000000	0	0	0	200000	300000	200000	300000	0	0	100	100	100	100	100	
T¨ng Sinh lùc 	1		5	85	200	200	-1	-1	0	0	5000000000	5000000000	5000000000	5000000000	5000000000	5000000000	5000000000	5000000000	5000000000	5000000000	5000000000	0	0	0	400000	500000	400000	500000	0	0	100	100	100	100	100	
T¨ng Sinh lùc 	1		6	85	200	200	-1	-1	0	0	5000000000	5000000000	5000000000	5000000000	5000000000	5000000000	5000000000	5000000000	5000000000	5000000000	5000000000	0	0	0	1000000	1200000	1000000	1500000	0	0	100	100	100	100	100	
T¨ng Sinh lùc 	1		7	85	200	200	-1	-1	0	0	5000000000	5000000000	5000000000	5000000000	5000000000	5000000000	5000000000	5000000000	5000000000	5000000000	5000000000	0	0	0	2000000	3000000	2000000	3000000	0	0	100	100	100	100	100	
T¨ng Sinh lùc 	1		8	85	200	200	-1	-1	0	0	5000000000	5000000000	5000000000	5000000000	5000000000	5000000000	5000000000	5000000000	5000000000	5000000000	5000000000	0	0	0	4500000	6000000	4500000	6000000	0	0	100	100	100	100	100	
T¨ng Sinh lùc 	1		9	85	200	200	-1	-1	0	0	5000000000	5000000000	5000000000	5000000000	5000000000	5000000000	5000000000	5000000000	5000000000	5000000000	5000000000	0	0	0	7500000	10000000	7500000	10000000	0	0	100	100	100	100	100	
T¨ng Sinh lùc 	1		10	85	200	200	-1	-1	0	0	5000000000	5000000000	5000000000	5000000000	5000000000	5000000000	5000000000	5000000000	5000000000	5000000000	5000000000	0	0	0	18000000	30000000	18000000	30000000	0	0	100	100	100	100	100	
T¨ng Néi lùc 	1		1	89	200	200	-1	-1	0	0	5000000000	5000000000	5000000000	5000000000	5000000000	5000000000	5000000000	5000000000	5000000000	5000000000	5000000000	0	0	0	80000	100000	80000	100000	0	0	100	100	100	100	100	
T¨ng Néi lùc 	1		2	89	200	200	-1	-1	0	0	5000000000	5000000000	5000000000	5000000000	5000000000	5000000000	5000000000	5000000000	5000000000	5000000000	5000000000	0	0	0	100000	150000	100000	150000	0	0	100	100	100	100	100	
T¨ng Néi lùc 	1		3	89	200	200	-1	-1	0	0	5000000000	5000000000	5000000000	5000000000	5000000000	5000000000	5000000000	5000000000	5000000000	5000000000	5000000000	0	0	0	150000	200000	150000	200000	0	0	100	100	100	100	100	
T¨ng Néi lùc 	1		4	89	200	200	-1	-1	0	0	5000000000	5000000000	5000000000	5000000000	5000000000	5000000000	5000000000	5000000000	5000000000	5000000000	5000000000	0	0	0	200000	300000	200000	300000	0	0	100	100	100	100	100	
T¨ng Néi lùc 	1		5	89	200	200	-1	-1	0	0	5000000000	5000000000	5000000000	5000000000	5000000000	5000000000	5000000000	5000000000	5000000000	5000000000	5000000000	0	0	0	300000	500000	300000	500000	0	0	100	100	100	100	100	
T¨ng Néi lùc 	1		6	89	200	200	-1	-1	0	0	5000000000	5000000000	5000000000	5000000000	5000000000	5000000000	5000000000	5000000000	5000000000	5000000000	5000000000	0	0	0	900000	1000000	900000	1000000	0	0	100	100	100	100	100	
T¨ng Néi lùc 	1		7	89	200	200	-1	-1	0	0	5000000000	5000000000	5000000000	5000000000	5000000000	5000000000	5000000000	5000000000	5000000000	5000000000	5000000000	0	0	0	1800000	2400000	1800000	2400000	0	0	100	100	100	100	100	
T¨ng Néi lùc 	1		8	89	200	200	-1	-1	0	0	5000000000	5000000000	5000000000	5000000000	5000000000	5000000000	5000000000	5000000000	5000000000	5000000000	5000000000	0	0	0	3500000	4500000	3500000	4500000	0	0	100	100	100	100	100	
T¨ng Néi lùc 	1		9	89	200	200	-1	-1	0	0	5000000000	5000000000	5000000000	5000000000	5000000000	5000000000	5000000000	5000000000	5000000000	5000000000	5000000000	0	0	0	6000000	9000000	6000000	9000000	0	0	100	100	100	100	100	
T¨ng Néi lùc 	1		10	89	200	200	-1	-1	0	0	5000000000	5000000000	5000000000	5000000000	5000000000	5000000000	5000000000	5000000000	5000000000	5000000000	5000000000	0	0	0	12000000	15000000	12000000	15000000	0	0	100	100	100	100	100	
T¨ng thÓ lùc 	1		1	93	200	200	-1	-1	0	0	5000000000	5000000000	5000000000	5000000000	5000000000	5000000000	5000000000	5000000000	5000000000	5000000000	5000000000	0	0	0	50000	50000	50000	50000	0	0	100	100	100	100	100	
T¨ng thÓ lùc 	1		2	93	200	200	-1	-1	0	0	5000000000	5000000000	5000000000	5000000000	5000000000	5000000000	5000000000	5000000000	5000000000	5000000000	5000000000	0	0	0	80000	80000	80000	80000	0	0	100	100	100	100	100	
T¨ng thÓ lùc 	1		3	93	200	200	-1	-1	0	0	5000000000	5000000000	5000000000	5000000000	5000000000	5000000000	5000000000	5000000000	5000000000	5000000000	5000000000	0	0	0	100000	120000	100000	120000	0	0	100	100	100	100	100	
T¨ng thÓ lùc 	1		4	93	200	200	-1	-1	0	0	5000000000	5000000000	5000000000	5000000000	5000000000	5000000000	5000000000	5000000000	5000000000	5000000000	5000000000	0	0	0	120000	150000	120000	150000	0	0	100	100	100	100	100	
T¨ng thÓ lùc 	1		5	93	200	200	-1	-1	0	0	5000000000	5000000000	5000000000	5000000000	5000000000	5000000000	5000000000	5000000000	5000000000	5000000000	5000000000	0	0	0	160000	240000	160000	240000	0	0	100	100	100	100	100	
T¨ng thÓ lùc 	1		6	93	200	200	-1	-1	0	0	5000000000	5000000000	5000000000	5000000000	5000000000	5000000000	5000000000	5000000000	5000000000	5000000000	5000000000	0	0	0	300000	450000	300000	450000	0	0	100	100	100	100	100	
T¨ng thÓ lùc 	1		7	93	200	200	-1	-1	0	0	5000000000	5000000000	5000000000	5000000000	5000000000	5000000000	5000000000	5000000000	5000000000	5000000000	5000000000	0	0	0	600000	900000	600000	900000	0	0	100	100	100	100	100	
T¨ng thÓ lùc 	1		8	93	200	200	-1	-1	0	0	5000000000	5000000000	5000000000	5000000000	5000000000	5000000000	5000000000	5000000000	5000000000	5000000000	5000000000	0	0	0	1200000	1500000	1200000	1500000	0	0	100	100	100	100	100	
T¨ng thÓ lùc 	1		9	93	200	200	-1	-1	0	0	5000000000	5000000000	5000000000	5000000000	5000000000	5000000000	5000000000	5000000000	5000000000	5000000000	5000000000	0	0	0	3000000	4500000	3000000	4500000	0	0	100	100	100	100	100	
T¨ng thÓ lùc 	1		10	93	200	200	-1	-1	0	0	5000000000	5000000000	5000000000	5000000000	5000000000	5000000000	5000000000	5000000000	5000000000	5000000000	5000000000	0	0	0	10000000	12000000	10000000	12000000	0	0	100	100	100	100	100	
T¨ng tèc ®é håi phôc Sinh lùc	1		1	88	6	6	-1	-1	0	0	5000000000	0	0	0	0	0	0	0	0	0	5000000000	0	0	0	300000	400000	300000	400000	0	0	60	100	100	80	60	
T¨ng tèc ®é håi phôc Sinh lùc	1		2	88	6	6	-1	-1	0	0	5000000000	0	0	0	0	0	0	0	0	0	5000000000	0	0	0	300000	400000	300000	400000	0	0	60	100	100	80	60	
T¨ng tèc ®é håi phôc Sinh lùc	1		3	88	6	6	-1	-1	0	0	5000000000	0	0	0	0	0	0	0	0	0	5000000000	0	0	0	500000	650000	500000	650000	0	0	60	100	100	80	60	
T¨ng tèc ®é håi phôc Sinh lùc	1		4	88	6	6	-1	-1	0	0	5000000000	0	0	0	0	0	0	0	0	0	5000000000	0	0	0	500000	650000	500000	650000	0	0	60	100	100	80	60	
T¨ng tèc ®é håi phôc Sinh lùc	1		5	88	6	6	-1	-1	0	0	5000000000	0	0	0	0	0	0	0	0	0	5000000000	0	0	0	1000000	1200000	1000000	1200000	0	0	60	100	100	80	60	
T¨ng tèc ®é håi phôc Sinh lùc	1		6	88	6	6	-1	-1	0	0	5000000000	0	0	0	0	0	0	0	0	0	5000000000	0	0	0	1000000	1200000	1000000	1200000	0	0	60	100	100	80	60	
T¨ng tèc ®é håi phôc Sinh lùc	1		7	88	6	6	-1	-1	0	0	5000000000	0	0	0	0	0	0	0	0	0	5000000000	0	0	0	3000000	3500000	3000000	3500000	0	0	60	100	100	80	60	
T¨ng tèc ®é håi phôc Sinh lùc	1		8	88	6	6	-1	-1	0	0	5000000000	0	0	0	0	0	0	0	0	0	5000000000	0	0	0	3000000	3500000	3000000	3500000	0	0	60	100	100	80	60	
T¨ng tèc ®é håi phôc Sinh lùc	1		9	88	6	6	-1	-1	0	0	5000000000	0	0	0	0	0	0	0	0	0	5000000000	0	0	0	6000000	8000000	6000000	8000000	0	0	60	100	100	80	60	
T¨ng tèc ®é håi phôc Sinh lùc	1		10	88	6	6	-1	-1	0	0	5000000000	0	0	0	0	0	0	0	0	0	5000000000	0	0	0	12000000	15000000	12000000	15000000	0	0	60	100	100	80	60	
T¨ng tèc ®é håi phôc Néi lùc	1		1	92	4	4	-1	-1	0	0	5000000000	0	0	0	0	0	0	0	0	0	0	0	0	0	0	0	0	0	0	0	80	100	100	80	80	
T¨ng tèc ®é håi phôc Néi lùc	1		2	92	4	4	-1	-1	0	0	5000000000	0	0	0	0	0	0	0	0	0	0	0	0	0	0	0	0	0	0	0	80	100	100	80	80	
T¨ng tèc ®é håi phôc Néi lùc	1		3	92	4	4	-1	-1	0	0	5000000000	0	0	0	0	0	0	0	0	0	0	0	0	0	0	0	0	0	0	0	80	100	100	80	80	
T¨ng tèc ®é håi phôc Néi lùc	1		4	92	4	4	-1	-1	0	0	5000000000	0	0	0	0	0	0	0	0	0	0	0	0	0	0	0	0	0	0	0	80	100	100	80	80	
T¨ng tèc ®é håi phôc Néi lùc	1		5	92	4	4	-1	-1	0	0	5000000000	0	0	0	0	0	0	0	0	0	0	0	0	0	0	0	0	0	0	0	80	100	100	80	80	
T¨ng tèc ®é håi phôc Néi lùc	1		6	92	4	4	-1	-1	0	0	5000000000	0	0	0	0	0	0	0	0	0	0	0	0	0	0	0	0	0	0	0	80	100	100	80	80	
T¨ng tèc ®é håi phôc Néi lùc	1		7	92	4	4	-1	-1	0	0	5000000000	0	0	0	0	0	0	0	0	0	0	0	0	0	0	0	0	0	0	0	80	100	100	80	80	
T¨ng tèc ®é håi phôc Néi lùc	1		8	92	4	4	-1	-1	0	0	5000000000	0	0	0	0	0	0	0	0	0	0	0	0	0	0	0	0	0	0	0	80	100	100	80	80	
T¨ng tèc ®é håi phôc Néi lùc	1		9	92	4	4	-1	-1	0	0	5000000000	0	0	0	0	0	0	0	0	0	0	0	0	0	0	0	0	0	0	0	80	100	100	80	80	
T¨ng tèc ®é håi phôc Néi lùc	1		10	92	4	4	-1	-1	0	0	5000000000	0	0	0	0	0	0	0	0	0	0	0	0	0	0	0	0	0	0	0	80	100	100	80	80	
T¨ng tèc ®é håi phôc ThÓ lùc	1		1	96	9	9	-1	-1	0	0	5000000000	0	0	0	0	0	0	0	0	0	0	0	0	0	0	0	0	0	0	0	100	100	100	100	100	
T¨ng tèc ®é håi phôc ThÓ lùc	1		2	96	9	9	-1	-1	0	0	5000000000	0	0	0	0	0	0	0	0	0	0	0	0	0	0	0	0	0	0	0	100	100	100	100	100	
T¨ng tèc ®é håi phôc ThÓ lùc	1		3	96	9	9	-1	-1	0	0	5000000000	0	0	0	0	0	0	0	0	0	0	0	0	0	0	0	0	0	0	0	100	100	100	100	100	
T¨ng tèc ®é håi phôc ThÓ lùc	1		2	96	9	9	-1	-1	0	0	5000000000	0	0	0	0	0	0	0	0	0	0	0	0	0	0	0	0	0	0	0	100	100	100	100	100	
T¨ng tèc ®é håi phôc ThÓ lùc	1		5	96	9	9	-1	-1	0	0	5000000000	0	0	0	0	0	0	0	0	0	0	0	0	0	0	0	0	0	0	0	100	100	100	100	100	
T¨ng tèc ®é håi phôc ThÓ lùc	1		6	96	9	9	-1	-1	0	0	5000000000	0	0	0	0	0	0	0	0	0	0	0	0	0	0	0	0	0	0	0	100	100	100	100	100	
T¨ng tèc ®é håi phôc ThÓ lùc	1		7	96	9	9	-1	-1	0	0	5000000000	0	0	0	0	0	0	0	0	0	0	0	0	0	0	0	0	0	0	0	100	100	100	100	100	
T¨ng tèc ®é håi phôc ThÓ lùc	1		8	96	9	9	-1	-1	0	0	5000000000	0	0	0	0	0	0	0	0	0	0	0	0	0	0	0	0	0	0	0	100	100	100	100	100	
T¨ng tèc ®é håi phôc ThÓ lùc	1		9	96	9	9	-1	-1	0	0	5000000000	0	0	0	0	0	0	0	0	0	0	0	0	0	0	0	0	0	0	0	100	100	100	100	100	
T¨ng tèc ®é håi phôc ThÓ lùc	1		10	96	9	9	-1	-1	0	0	5000000000	0	0	0	0	0	0	0	0	0	0	0	0	0	0	0	0	0	0	0	100	100	100	100	100	
t¨ng søc m¹nh	0	0	1	97	20	20	-1	-1	0	0	5000000000	0	0	0	0	0	0	0	0	0	0	0	0	0	0	0	0	0	0	0	100	0	0	0	0	
t¨ng søc m¹nh	0	0	2	97	20	20	-1	-1	0	0	5000000000	0	0	0	0	0	0	0	0	0	0	0	0	0	0	0	0	0	0	0	100	0	0	0	0	
t¨ng søc m¹nh	0	0	3	97	20	20	-1	-1	0	0	5000000000	0	0	0	0	0	0	0	0	0	0	0	0	0	0	0	0	0	0	0	100	0	0	0	0	
t¨ng søc m¹nh	0	0	4	97	20	20	-1	-1	0	0	5000000000	0	0	0	0	0	0	0	0	0	0	0	0	0	0	0	0	0	0	0	100	0	0	0	0	
t¨ng søc m¹nh	0	0	5	97	20	20	-1	-1	0	0	5000000000	0	0	0	0	0	0	0	0	0	0	0	0	0	0	0	0	0	0	0	100	0	0	0	0	
t¨ng søc m¹nh	0	0	6	97	20	20	-1	-1	0	0	5000000000	0	0	0	0	0	0	0	0	0	0	0	0	0	0	0	0	0	0	0	100	0	0	0	0	
t¨ng søc m¹nh	0	0	7	97	20	20	-1	-1	0	0	5000000000	0	0	0	0	0	0	0	0	0	0	0	0	0	0	0	0	0	0	0	100	0	0	0	0	
t¨ng søc m¹nh	0	0	8	97	20	20	-1	-1	0	0	5000000000	0	0	0	0	0	0	0	0	0	0	0	0	0	0	0	0	0	0	0	100	0	0	0	0	
t¨ng søc m¹nh	0	0	9	97	20	20	-1	-1	0	0	5000000000	0	0	0	0	0	0	0	0	0	0	0	0	0	0	0	0	0	0	0	100	0	0	0	0	
t¨ng søc m¹nh	0	0	10	97	20	20	-1	-1	0	0	5000000000	0	0	0	0	0	0	0	0	0	0	0	0	0	0	0	0	0	0	0	100	0	0	0	0	
t¨ng s¸t th­¬ng VËt lý 	0	0	1	121	50	50	-1	-1	0	0	5000000000	5000000000	5000000000	5000000000	5000000000	5000000000	5000000000	5000000000	5000000000	5000000000	0	0	0	0	0	0	0	0	0	0	100	0	0	0	0	
t¨ng s¸t th­¬ng VËt lý 	0	0	2	121	50	50	-1	-1	0	0	5000000000	5000000000	5000000000	5000000000	5000000000	5000000000	5000000000	5000000000	5000000000	5000000000	0	0	0	0	0	0	0	0	0	0	100	0	0	0	0	
t¨ng s¸t th­¬ng VËt lý 	0	0	3	121	50	50	-1	-1	0	0	5000000000	5000000000	5000000000	5000000000	5000000000	5000000000	5000000000	5000000000	5000000000	5000000000	0	0	0	0	0	0	0	0	0	0	100	0	0	0	0	
t¨ng s¸t th­¬ng VËt lý 	0	0	4	121	50	50	-1	-1	0	0	5000000000	5000000000	5000000000	5000000000	5000000000	5000000000	5000000000	5000000000	5000000000	5000000000	0	0	0	0	0	0	0	0	0	0	100	0	0	0	0	
t¨ng s¸t th­¬ng VËt lý 	0	0	5	121	50	50	-1	-1	0	0	5000000000	5000000000	5000000000	5000000000	5000000000	5000000000	5000000000	5000000000	5000000000	5000000000	0	0	0	0	0	0	0	0	0	0	100	0	0	0	0	
t¨ng s¸t th­¬ng VËt lý 	0	0	6	121	50	50	-1	-1	0	0	5000000000	5000000000	5000000000	5000000000	5000000000	5000000000	5000000000	5000000000	5000000000	5000000000	0	0	0	0	0	0	0	0	0	0	100	0	0	0	0	
t¨ng s¸t th­¬ng VËt lý 	0	0	7	121	50	50	-1	-1	0	0	5000000000	5000000000	5000000000	5000000000	5000000000	5000000000	5000000000	5000000000	5000000000	5000000000	0	0	0	0	0	0	0	0	0	0	100	0	0	0	0	
t¨ng s¸t th­¬ng VËt lý 	0	0	8	121	50	50	-1	-1	0	0	5000000000	5000000000	5000000000	5000000000	5000000000	5000000000	5000000000	5000000000	5000000000	5000000000	0	0	0	0	0	0	0	0	0	0	100	0	0	0	0	
t¨ng s¸t th­¬ng VËt lý 	0	0	9	121	50	50	-1	-1	0	0	5000000000	5000000000	5000000000	5000000000	5000000000	5000000000	5000000000	5000000000	5000000000	5000000000	0	0	0	0	0	0	0	0	0	0	100	0	0	0	0	
t¨ng s¸t th­¬ng VËt lý 	0	0	10	121	50	50	-1	-1	0	0	5000000000	5000000000	5000000000	5000000000	5000000000	5000000000	5000000000	5000000000	5000000000	5000000000	0	0	0	0	0	0	0	0	0	0	100	0	0	0	0	
T¨ng s¸t §éc s¸t	0	1	1	125	50	50	-1	-1	0	0	5000000000	5000000000	5000000000	5000000000	5000000000	5000000000	5000000000	5000000000	5000000000	5000000000	0	0	0	0	0	0	0	0	0	0	0	100	0	0	0	
T¨ng s¸t §éc s¸t	0	1	2	125	50	50	-1	-1	0	0	5000000000	5000000000	5000000000	5000000000	5000000000	5000000000	5000000000	5000000000	5000000000	5000000000	0	0	0	0	0	0	0	0	0	0	0	100	0	0	0	
T¨ng s¸t §éc s¸t	0	1	3	125	50	50	-1	-1	0	0	5000000000	5000000000	5000000000	5000000000	5000000000	5000000000	5000000000	5000000000	5000000000	5000000000	0	0	0	0	0	0	0	0	0	0	0	100	0	0	0	
T¨ng s¸t §éc s¸t	0	1	4	125	50	50	-1	-1	0	0	5000000000	5000000000	5000000000	5000000000	5000000000	5000000000	5000000000	5000000000	5000000000	5000000000	0	0	0	0	0	0	0	0	0	0	0	100	0	0	0	
T¨ng s¸t §éc s¸t	0	1	5	125	50	50	-1	-1	0	0	5000000000	5000000000	5000000000	5000000000	5000000000	5000000000	5000000000	5000000000	5000000000	5000000000	0	0	0	0	0	0	0	0	0	0	0	100	0	0	0	
T¨ng s¸t §éc s¸t	0	1	6	125	50	50	-1	-1	0	0	5000000000	5000000000	5000000000	5000000000	5000000000	5000000000	5000000000	5000000000	5000000000	5000000000	0	0	0	0	0	0	0	0	0	0	0	100	0	0	0	
T¨ng s¸t §éc s¸t	0	1	7	125	50	50	-1	-1	0	0	5000000000	5000000000	5000000000	5000000000	5000000000	5000000000	5000000000	5000000000	5000000000	5000000000	0	0	0	0	0	0	0	0	0	0	0	100	0	0	0	
T¨ng s¸t §éc s¸t	0	1	8	125	50	50	-1	-1	0	0	5000000000	5000000000	5000000000	5000000000	5000000000	5000000000	5000000000	5000000000	5000000000	5000000000	0	0	0	0	0	0	0	0	0	0	0	100	0	0	0	
T¨ng s¸t §éc s¸t	0	1	9	125	50	50	-1	-1	0	0	5000000000	5000000000	5000000000	5000000000	5000000000	5000000000	5000000000	5000000000	5000000000	5000000000	0	0	0	0	0	0	0	0	0	0	0	100	0	0	0	
T¨ng s¸t §éc s¸t	0	1	10	125	50	50	-1	-1	0	0	5000000000	5000000000	5000000000	5000000000	5000000000	5000000000	5000000000	5000000000	5000000000	5000000000	0	0	0	0	0	0	0	0	0	0	0	100	0	0	0	
T¨ng s¸t B¨ng s¸t	0	2	1	123	100	100	-1	-1	0	0	5000000000	5000000000	5000000000	5000000000	5000000000	5000000000	5000000000	5000000000	5000000000	5000000000	0	0	0	0	0	0	0	0	0	0	0	0	100	0	0	
T¨ng s¸t B¨ng s¸t	0	2	2	123	100	100	-1	-1	0	0	5000000000	5000000000	5000000000	5000000000	5000000000	5000000000	5000000000	5000000000	5000000000	5000000000	0	0	0	0	0	0	0	0	0	0	0	0	100	0	0	
T¨ng s¸t B¨ng s¸t	0	2	3	123	100	100	-1	-1	0	0	5000000000	5000000000	5000000000	5000000000	5000000000	5000000000	5000000000	5000000000	5000000000	5000000000	0	0	0	0	0	0	0	0	0	0	0	0	100	0	0	
T¨ng s¸t B¨ng s¸t	0	2	4	123	100	100	-1	-1	0	0	5000000000	5000000000	5000000000	5000000000	5000000000	5000000000	5000000000	5000000000	5000000000	5000000000	0	0	0	0	0	0	0	0	0	0	0	0	100	0	0	
T¨ng s¸t B¨ng s¸t	0	2	5	123	100	100	-1	-1	0	0	5000000000	5000000000	5000000000	5000000000	5000000000	5000000000	5000000000	5000000000	5000000000	5000000000	0	0	0	0	0	0	0	0	0	0	0	0	100	0	0	
T¨ng s¸t B¨ng s¸t	0	2	6	123	100	100	-1	-1	0	0	5000000000	5000000000	5000000000	5000000000	5000000000	5000000000	5000000000	5000000000	5000000000	5000000000	0	0	0	0	0	0	0	0	0	0	0	0	100	0	0	
T¨ng s¸t B¨ng s¸t	0	2	7	123	100	100	-1	-1	0	0	5000000000	5000000000	5000000000	5000000000	5000000000	5000000000	5000000000	5000000000	5000000000	5000000000	0	0	0	0	0	0	0	0	0	0	0	0	100	0	0	
T¨ng s¸t B¨ng s¸t	0	2	8	123	100	100	-1	-1	0	0	5000000000	5000000000	5000000000	5000000000	5000000000	5000000000	5000000000	5000000000	5000000000	5000000000	0	0	0	0	0	0	0	0	0	0	0	0	100	0	0	
T¨ng s¸t B¨ng s¸t	0	2	9	123	100	100	-1	-1	0	0	5000000000	5000000000	5000000000	5000000000	5000000000	5000000000	5000000000	5000000000	5000000000	5000000000	0	0	0	0	0	0	0	0	0	0	0	0	100	0	0	
T¨ng s¸t B¨ng s¸t	0	2	10	123	100	100	-1	-1	0	0	5000000000	5000000000	5000000000	5000000000	5000000000	5000000000	5000000000	5000000000	5000000000	5000000000	0	0	0	0	0	0	0	0	0	0	0	0	100	0	0	
T¨ng Ho¶ s¸t	0	3	1	122	100	100	-1	-1	0	0	5000000000	5000000000	5000000000	5000000000	5000000000	5000000000	5000000000	5000000000	5000000000	5000000000	0	0	0	0	0	0	0	0	0	0	0	0	0	100	0	
T¨ng Ho¶ s¸t	0	3	2	122	100	100	-1	-1	0	0	5000000000	5000000000	5000000000	5000000000	5000000000	5000000000	5000000000	5000000000	5000000000	5000000000	0	0	0	0	0	0	0	0	0	0	0	0	0	100	0	
T¨ng Ho¶ s¸t	0	3	3	122	100	100	-1	-1	0	0	5000000000	5000000000	5000000000	5000000000	5000000000	5000000000	5000000000	5000000000	5000000000	5000000000	0	0	0	0	0	0	0	0	0	0	0	0	0	100	0	
T¨ng Ho¶ s¸t	0	3	4	122	100	100	-1	-1	0	0	5000000000	5000000000	5000000000	5000000000	5000000000	5000000000	5000000000	5000000000	5000000000	5000000000	0	0	0	0	0	0	0	0	0	0	0	0	0	100	0	
T¨ng Ho¶ s¸t	0	3	5	122	100	100	-1	-1	0	0	5000000000	5000000000	5000000000	5000000000	5000000000	5000000000	5000000000	5000000000	5000000000	5000000000	0	0	0	0	0	0	0	0	0	0	0	0	0	100	0	
T¨ng Ho¶ s¸t	0	3	6	122	100	100	-1	-1	0	0	5000000000	5000000000	5000000000	5000000000	5000000000	5000000000	5000000000	5000000000	5000000000	5000000000	0	0	0	0	0	0	0	0	0	0	0	0	0	100	0	
T¨ng Ho¶ s¸t	0	3	7	122	100	100	-1	-1	0	0	5000000000	5000000000	5000000000	5000000000	5000000000	5000000000	5000000000	5000000000	5000000000	5000000000	0	0	0	0	0	0	0	0	0	0	0	0	0	100	0	
T¨ng Ho¶ s¸t	0	3	8	122	100	100	-1	-1	0	0	5000000000	5000000000	5000000000	5000000000	5000000000	5000000000	5000000000	5000000000	5000000000	5000000000	0	0	0	0	0	0	0	0	0	0	0	0	0	100	0	
T¨ng Ho¶ s¸t	0	3	9	122	100	100	-1	-1	0	0	5000000000	5000000000	5000000000	5000000000	5000000000	5000000000	5000000000	5000000000	5000000000	5000000000	0	0	0	0	0	0	0	0	0	0	0	0	0	100	0	
T¨ng Ho¶ s¸t	0	3	10	122	100	100	-1	-1	0	0	5000000000	5000000000	5000000000	5000000000	5000000000	5000000000	5000000000	5000000000	5000000000	5000000000	0	0	0	0	0	0	0	0	0	0	0	0	0	100	0	
T¨ng L«i s¸t	0	4	1	124	100	100	-1	-1	0	0	5000000000	5000000000	5000000000	5000000000	5000000000	5000000000	5000000000	5000000000	5000000000	5000000000	0	0	0	0	0	0	0	0	0	0	0	0	0	0	100	
T¨ng L«i s¸t	0	4	2	124	100	100	-1	-1	0	0	5000000000	5000000000	5000000000	5000000000	5000000000	5000000000	5000000000	5000000000	5000000000	5000000000	0	0	0	0	0	0	0	0	0	0	0	0	0	0	100	
T¨ng L«i s¸t	0	4	3	124	100	100	-1	-1	0	0	5000000000	5000000000	5000000000	5000000000	5000000000	5000000000	5000000000	5000000000	5000000000	5000000000	0	0	0	0	0	0	0	0	0	0	0	0	0	0	100	
T¨ng L«i s¸t	0	4	4	124	100	100	-1	-1	0	0	5000000000	5000000000	5000000000	5000000000	5000000000	5000000000	5000000000	5000000000	5000000000	5000000000	0	0	0	0	0	0	0	0	0	0	0	0	0	0	100	
T¨ng L«i s¸t	0	4	5	124	100	100	-1	-1	0	0	5000000000	5000000000	5000000000	5000000000	5000000000	5000000000	5000000000	5000000000	5000000000	5000000000	0	0	0	0	0	0	0	0	0	0	0	0	0	0	100	
T¨ng L«i s¸t	0	4	6	124	100	100	-1	-1	0	0	5000000000	5000000000	5000000000	5000000000	5000000000	5000000000	5000000000	5000000000	5000000000	5000000000	0	0	0	0	0	0	0	0	0	0	0	0	0	0	100	
T¨ng L«i s¸t	0	4	7	124	100	100	-1	-1	0	0	5000000000	5000000000	5000000000	5000000000	5000000000	5000000000	5000000000	5000000000	5000000000	5000000000	0	0	0	0	0	0	0	0	0	0	0	0	0	0	100	
T¨ng L«i s¸t	0	4	8	124	100	100	-1	-1	0	0	5000000000	5000000000	5000000000	5000000000	5000000000	5000000000	5000000000	5000000000	5000000000	5000000000	0	0	0	0	0	0	0	0	0	0	0	0	0	0	100	
T¨ng L«i s¸t	0	4	9	124	100	100	-1	-1	0	0	5000000000	5000000000	5000000000	5000000000	5000000000	5000000000	5000000000	5000000000	5000000000	5000000000	0	0	0	0	0	0	0	0	0	0	0	0	0	0	100	
T¨ng L«i s¸t	0	4	10	124	100	100	-1	-1	0	0	5000000000	5000000000	5000000000	5000000000	5000000000	5000000000	5000000000	5000000000	5000000000	5000000000	0	0	0	0	0	0	0	0	0	0	0	0	0	0	100	
ChuyÓn hãa s¸t th­¬ng vËt lý thµnh Néi lùc	0	0	1	134	10	10	-1	-1	0	0	5000000000	0	0	0	0	0	0	0	0	0	5000000000	0	0	0	50000	60000	50000	60000	0	0	100	100	100	100	100	
ChuyÓn hãa s¸t th­¬ng vËt lý thµnh Néi lùc	0	0	2	134	10	10	-1	-1	0	0	5000000000	0	0	0	0	0	0	0	0	0	5000000000	0	0	0	80000	100000	80000	100000	0	0	100	100	100	100	100	
ChuyÓn hãa s¸t th­¬ng vËt lý thµnh Néi lùc	0	0	3	134	10	10	-1	-1	0	0	5000000000	0	0	0	0	0	0	0	0	0	5000000000	0	0	0	120000	150000	120000	150000	0	0	100	100	100	100	100	
ChuyÓn hãa s¸t th­¬ng vËt lý thµnh Néi lùc	0	0	4	134	10	10	-1	-1	0	0	5000000000	0	0	0	0	0	0	0	0	0	5000000000	0	0	0	160000	240000	160000	240000	0	0	100	100	100	100	100	
ChuyÓn hãa s¸t th­¬ng vËt lý thµnh Néi lùc	0	0	5	134	10	10	-1	-1	0	0	5000000000	0	0	0	0	0	0	0	0	0	5000000000	0	0	0	200000	300000	200000	300000	0	0	100	100	100	100	100	
ChuyÓn hãa s¸t th­¬ng vËt lý thµnh Néi lùc	0	0	6	134	10	10	-1	-1	0	0	5000000000	0	0	0	0	0	0	0	0	0	5000000000	0	0	0	300000	450000	300000	450000	0	0	100	100	100	100	100	
ChuyÓn hãa s¸t th­¬ng vËt lý thµnh Néi lùc	0	0	7	134	10	10	-1	-1	0	0	5000000000	0	0	0	0	0	0	0	0	0	5000000000	0	0	0	500000	600000	500000	600000	0	0	100	100	100	100	100	
ChuyÓn hãa s¸t th­¬ng vËt lý thµnh Néi lùc	0	0	8	134	10	10	-1	-1	0	0	5000000000	0	0	0	0	0	0	0	0	0	5000000000	0	0	0	800000	1000000	800000	1000000	0	0	100	100	100	100	100	
ChuyÓn hãa s¸t th­¬ng vËt lý thµnh Néi lùc	0	0	9	134	10	10	-1	-1	0	0	5000000000	0	0	0	0	0	0	0	0	0	5000000000	0	0	0	1500000	2000000	1500000	2000000	0	0	100	100	100	100	100	
ChuyÓn hãa s¸t th­¬ng vËt lý thµnh Néi lùc	0	0	10	134	10	10	-1	-1	0	0	5000000000	0	0	0	0	0	0	0	0	0	5000000000	0	0	0	3000000	4500000	3000000	4500000	0	0	100	100	100	100	100	
Bá qua s¸t th­¬ng vËt lý 	0	3	1	104	25	25	-1	-1	0	0	5000000000	0	0	0	0	0	0	0	0	0	5000000000	0	0	0	600000	1000000	800000	1000000	0	0	0	0	0	100	0	
Bá qua s¸t th­¬ng vËt lý 	0	3	2	104	25	25	-1	-1	0	0	5000000000	0	0	0	0	0	0	0	0	0	5000000000	0	0	0	1500000	5000000	1800000	5000000	0	0	0	0	0	100	0	
Bá qua s¸t th­¬ng vËt lý 	0	3	3	104	25	25	-1	-1	0	0	5000000000	0	0	0	0	0	0	0	0	0	5000000000	0	0	0	3000000	15000000	6000000	15000000	0	0	0	0	0	100	0	
Bá qua s¸t th­¬ng vËt lý 	0	3	4	104	25	25	-1	-1	0	0	5000000000	0	0	0	0	0	0	0	0	0	5000000000	0	0	0	10000000	50000000	18000000	50000000	0	0	0	0	0	100	0	
Bá qua s¸t th­¬ng vËt lý 	0	3	5	104	25	25	-1	-1	0	0	5000000000	0	0	0	0	0	0	0	0	0	5000000000	0	0	0	24000000	120000000	45000000	120000000	0	0	0	0	0	100	0	
Bá qua s¸t th­¬ng vËt lý 	0	3	6	104	25	25	-1	-1	0	0	5000000000	0	0	0	0	0	0	0	0	0	5000000000	0	0	0	65000000	300000000	90000000	300000000	0	0	0	0	0	100	0	
Bá qua s¸t th­¬ng vËt lý 	0	3	7	104	25	25	-1	-1	0	0	5000000000	0	0	0	0	0	0	0	0	0	5000000000	0	0	0	150000000	500000000	220000000	500000000	0	0	0	0	0	100	0	
Bá qua s¸t th­¬ng vËt lý 	0	3	8	104	25	25	-1	-1	0	0	5000000000	0	0	0	0	0	0	0	0	0	5000000000	0	0	0	200000000	600000000	300000000	600000000	0	0	0	0	0	100	0	
Bá qua s¸t th­¬ng vËt lý 	0	3	9	104	25	25	-1	-1	0	0	5000000000	0	0	0	0	0	0	0	0	0	5000000000	0	0	0	250000000	800000000	360000000	800000000	0	0	0	0	0	100	0	
Bá qua s¸t th­¬ng vËt lý 	0	3	10	104	25	25	-1	-1	0	0	5000000000	0	0	0	0	0	0	0	0	0	5000000000	0	0	0	300000000	1000000000	450000000	1000000000	0	0	0	0	0	100	0	
t¨ng kh¸ng ®éc	0	0	1	101	25	25	-1	-1	0	0	5000000000	5000000000	5000000000	5000000000	5000000000	5000000000	5000000000	5000000000	5000000000	5000000000	5000000000	0	0	0	30000	50000	30000	50000	0	0	100	0	0	0	0	
t¨ng kh¸ng ®éc	0	0	2	101	25	25	-1	-1	0	0	5000000000	5000000000	5000000000	5000000000	5000000000	5000000000	5000000000	5000000000	5000000000	5000000000	5000000000	0	0	0	50000	80000	50000	80000	0	0	100	0	0	0	0	
t¨ng kh¸ng ®éc	0	0	3	101	25	25	-1	-1	0	0	5000000000	5000000000	5000000000	5000000000	5000000000	5000000000	5000000000	5000000000	5000000000	5000000000	5000000000	0	0	0	80000	120000	80000	120000	0	0	100	0	0	0	0	
t¨ng kh¸ng ®éc	0	0	4	101	25	25	-1	-1	0	0	5000000000	5000000000	5000000000	5000000000	5000000000	5000000000	5000000000	5000000000	5000000000	5000000000	5000000000	0	0	0	120000	180000	120000	180000	0	0	100	0	0	0	0	
t¨ng kh¸ng ®éc	0	0	5	101	25	25	-1	-1	0	0	5000000000	5000000000	5000000000	5000000000	5000000000	5000000000	5000000000	5000000000	5000000000	5000000000	5000000000	0	0	0	160000	240000	160000	240000	0	0	100	0	0	0	0	
t¨ng kh¸ng ®éc	0	0	6	101	25	25	-1	-1	0	0	5000000000	5000000000	5000000000	5000000000	5000000000	5000000000	5000000000	5000000000	5000000000	5000000000	5000000000	0	0	0	240000	360000	240000	360000	0	0	100	0	0	0	0	
t¨ng kh¸ng ®éc	0	0	7	101	25	25	-1	-1	0	0	5000000000	5000000000	5000000000	5000000000	5000000000	5000000000	5000000000	5000000000	5000000000	5000000000	5000000000	0	0	0	500000	650000	500000	650000	0	0	100	0	0	0	0	
t¨ng kh¸ng ®éc	0	0	8	101	25	25	-1	-1	0	0	5000000000	5000000000	5000000000	5000000000	5000000000	5000000000	5000000000	5000000000	5000000000	5000000000	5000000000	0	0	0	900000	1200000	900000	1200000	0	0	100	0	0	0	0	
t¨ng kh¸ng ®éc	0	0	9	101	25	25	-1	-1	0	0	5000000000	5000000000	5000000000	5000000000	5000000000	5000000000	5000000000	5000000000	5000000000	5000000000	5000000000	0	0	0	2400000	3500000	2400000	3500000	0	0	100	0	0	0	0	
t¨ng kh¸ng ®éc	0	0	10	101	25	25	-1	-1	0	0	5000000000	5000000000	5000000000	5000000000	5000000000	5000000000	5000000000	5000000000	5000000000	5000000000	5000000000	0	0	0	8000000	9000000	8000000	9000000	0	0	100	0	0	0	0	
T¨ng kh¸ng b¨ng	0	4	1	105	25	25	-1	-1	0	0	5000000000	5000000000	5000000000	5000000000	5000000000	5000000000	5000000000	5000000000	5000000000	5000000000	5000000000	0	0	0	30000	50000	30000	80000	0	0	0	0	0	0	100	
T¨ng kh¸ng b¨ng	0	4	2	105	25	25	-1	-1	0	0	5000000000	5000000000	5000000000	5000000000	5000000000	5000000000	5000000000	5000000000	5000000000	5000000000	5000000000	0	0	0	50000	80000	50000	150000	0	0	0	0	0	0	100	
T¨ng kh¸ng b¨ng	0	4	3	105	25	25	-1	-1	0	0	5000000000	5000000000	5000000000	5000000000	5000000000	5000000000	5000000000	5000000000	5000000000	5000000000	5000000000	0	0	0	120000	240000	150000	600000	0	0	0	0	0	0	100	
T¨ng kh¸ng b¨ng	0	4	4	105	25	25	-1	-1	0	0	5000000000	5000000000	5000000000	5000000000	5000000000	5000000000	5000000000	5000000000	5000000000	5000000000	5000000000	0	0	0	450000	800000	500000	1200000	0	0	0	0	0	0	100	
T¨ng kh¸ng b¨ng	0	4	5	105	25	25	-1	-1	0	0	5000000000	5000000000	5000000000	5000000000	5000000000	5000000000	5000000000	5000000000	5000000000	5000000000	5000000000	0	0	0	900000	1500000	1000000	2000000	0	0	0	0	0	0	100	
T¨ng kh¸ng b¨ng	0	4	6	105	25	25	-1	-1	0	0	5000000000	5000000000	5000000000	5000000000	5000000000	5000000000	5000000000	5000000000	5000000000	5000000000	5000000000	0	0	0	2400000	5000000	3000000	6500000	0	0	0	0	0	0	100	
T¨ng kh¸ng b¨ng	0	4	7	105	25	25	-1	-1	0	0	5000000000	5000000000	5000000000	5000000000	5000000000	5000000000	5000000000	5000000000	5000000000	5000000000	5000000000	0	0	0	6500000	12000000	8000000	18000000	0	0	0	0	0	0	100	
T¨ng kh¸ng b¨ng	0	4	8	105	25	25	-1	-1	0	0	5000000000	5000000000	5000000000	5000000000	5000000000	5000000000	5000000000	5000000000	5000000000	5000000000	5000000000	0	0	0	10000000	18000000	12000000	30000000	0	0	0	0	0	0	100	
T¨ng kh¸ng b¨ng	0	4	9	105	25	25	-1	-1	0	0	5000000000	5000000000	5000000000	5000000000	5000000000	5000000000	5000000000	5000000000	5000000000	5000000000	5000000000	0	0	0	15000000	24000000	18000000	45000000	0	0	0	0	0	0	100	
T¨ng kh¸ng b¨ng	0	4	10	105	25	25	-1	-1	0	0	5000000000	5000000000	5000000000	5000000000	5000000000	5000000000	5000000000	5000000000	5000000000	5000000000	5000000000	0	0	0	24000000	40000000	30000000	60000000	0	0	0	0	0	0	100	
t¨ng kh¸ng Háa	0	2	1	102	25	25	-1	-1	0	0	5000000000	5000000000	5000000000	5000000000	5000000000	5000000000	5000000000	5000000000	5000000000	5000000000	5000000000	0	0	0	30000	60000	60000	80000	0	0	0	0	100	0	0	
t¨ng kh¸ng Háa	0	2	2	102	25	25	-1	-1	0	0	5000000000	5000000000	5000000000	5000000000	5000000000	5000000000	5000000000	5000000000	5000000000	5000000000	5000000000	0	0	0	60000	120000	120000	150000	0	0	0	0	100	0	0	
t¨ng kh¸ng Háa	0	2	3	102	25	25	-1	-1	0	0	5000000000	5000000000	5000000000	5000000000	5000000000	5000000000	5000000000	5000000000	5000000000	5000000000	5000000000	0	0	0	150000	300000	300000	600000	0	0	0	0	100	0	0	
t¨ng kh¸ng Háa	0	2	4	102	25	25	-1	-1	0	0	5000000000	5000000000	5000000000	5000000000	5000000000	5000000000	5000000000	5000000000	5000000000	5000000000	5000000000	0	0	0	600000	800000	800000	1200000	0	0	0	0	100	0	0	
t¨ng kh¸ng Háa	0	2	5	102	25	25	-1	-1	0	0	5000000000	5000000000	5000000000	5000000000	5000000000	5000000000	5000000000	5000000000	5000000000	5000000000	5000000000	0	0	0	1200000	1500000	1500000	2000000	0	0	0	0	100	0	0	
t¨ng kh¸ng Háa	0	2	6	102	25	25	-1	-1	0	0	5000000000	5000000000	5000000000	5000000000	5000000000	5000000000	5000000000	5000000000	5000000000	5000000000	5000000000	0	0	0	3000000	5000000	5000000	6500000	0	0	0	0	100	0	0	
t¨ng kh¸ng Háa	0	2	7	102	25	25	-1	-1	0	0	5000000000	5000000000	5000000000	5000000000	5000000000	5000000000	5000000000	5000000000	5000000000	5000000000	5000000000	0	0	0	8000000	12000000	12000000	18000000	0	0	0	0	100	0	0	
t¨ng kh¸ng Háa	0	2	8	102	25	25	-1	-1	0	0	5000000000	5000000000	5000000000	5000000000	5000000000	5000000000	5000000000	5000000000	5000000000	5000000000	5000000000	0	0	0	12000000	24000000	24000000	30000000	0	0	0	0	100	0	0	
t¨ng kh¸ng Háa	0	2	9	102	25	25	-1	-1	0	0	5000000000	5000000000	5000000000	5000000000	5000000000	5000000000	5000000000	5000000000	5000000000	5000000000	5000000000	0	0	0	18000000	35000000	35000000	45000000	0	0	0	0	100	0	0	
t¨ng kh¸ng Háa	0	2	10	102	25	25	-1	-1	0	0	5000000000	5000000000	5000000000	5000000000	5000000000	5000000000	5000000000	5000000000	5000000000	5000000000	5000000000	0	0	0	30000000	50000000	50000000	60000000	0	0	0	0	100	0	0	
T¨ng kh¸ng L«i	0	1	1	103	30	30	-1	-1	0	0	5000000000	5000000000	5000000000	5000000000	5000000000	5000000000	5000000000	5000000000	5000000000	5000000000	5000000000	0	0	0	80000	80000	80000	80000	0	0	0	100	0	0	0	
T¨ng kh¸ng L«i	0	1	2	103	30	30	-1	-1	0	0	5000000000	5000000000	5000000000	5000000000	5000000000	5000000000	5000000000	5000000000	5000000000	5000000000	5000000000	0	0	0	150000	150000	150000	150000	0	0	0	100	0	0	0	
T¨ng kh¸ng L«i	0	1	3	103	30	30	-1	-1	0	0	5000000000	5000000000	5000000000	5000000000	5000000000	5000000000	5000000000	5000000000	5000000000	5000000000	5000000000	0	0	0	600000	600000	600000	600000	0	0	0	100	0	0	0	
T¨ng kh¸ng L«i	0	1	4	103	30	30	-1	-1	0	0	5000000000	5000000000	5000000000	5000000000	5000000000	5000000000	5000000000	5000000000	5000000000	5000000000	5000000000	0	0	0	1200000	1200000	1200000	1200000	0	0	0	100	0	0	0	
T¨ng kh¸ng L«i	0	1	5	103	30	30	-1	-1	0	0	5000000000	5000000000	5000000000	5000000000	5000000000	5000000000	5000000000	5000000000	5000000000	5000000000	5000000000	0	0	0	2000000	2400000	2000000	2200000	0	0	0	100	0	0	0	
T¨ng kh¸ng L«i	0	1	6	103	30	30	-1	-1	0	0	5000000000	5000000000	5000000000	5000000000	5000000000	5000000000	5000000000	5000000000	5000000000	5000000000	5000000000	0	0	0	6500000	7500000	6500000	7000000	0	0	0	100	0	0	0	
T¨ng kh¸ng L«i	0	1	7	103	30	30	-1	-1	0	0	5000000000	5000000000	5000000000	5000000000	5000000000	5000000000	5000000000	5000000000	5000000000	5000000000	5000000000	0	0	0	18000000	18000000	18000000	18000000	0	0	0	100	0	0	0	
T¨ng kh¸ng L«i	0	1	8	103	30	30	-1	-1	0	0	5000000000	5000000000	5000000000	5000000000	5000000000	5000000000	5000000000	5000000000	5000000000	5000000000	5000000000	0	0	0	30000000	35000000	30000000	32000000	0	0	0	100	0	0	0	
T¨ng kh¸ng L«i	0	1	9	103	30	30	-1	-1	0	0	5000000000	5000000000	5000000000	5000000000	5000000000	5000000000	5000000000	5000000000	5000000000	5000000000	5000000000	0	0	0	45000000	50000000	45000000	48000000	0	0	0	100	0	0	0	
T¨ng kh¸ng L«i	0	1	10	103	30	30	-1	-1	0	0	5000000000	5000000000	5000000000	5000000000	5000000000	5000000000	5000000000	5000000000	5000000000	5000000000	5000000000	0	0	0	60000000	80000000	60000000	70000000	0	0	0	100	0	0	0	
T¨ng thÓ lùc 	0	2	1	99	20	20	-1	-1	0	0	5000000000	5000000000	5000000000	5000000000	5000000000	5000000000	5000000000	5000000000	5000000000	5000000000	5000000000	0	0	0	30000	30000	30000	30000	0	0	0	0	100	0	0	
T¨ng thÓ lùc 	0	2	2	99	20	20	-1	-1	0	0	5000000000	5000000000	5000000000	5000000000	5000000000	5000000000	5000000000	5000000000	5000000000	5000000000	5000000000	0	0	0	40000	60000	40000	60000	0	0	0	0	100	0	0	
T¨ng thÓ lùc 	0	2	3	99	20	20	-1	-1	0	0	5000000000	5000000000	5000000000	5000000000	5000000000	5000000000	5000000000	5000000000	5000000000	5000000000	5000000000	0	0	0	50000	80000	50000	80000	0	0	0	0	100	0	0	
T¨ng thÓ lùc 	0	2	4	99	20	20	-1	-1	0	0	5000000000	5000000000	5000000000	5000000000	5000000000	5000000000	5000000000	5000000000	5000000000	5000000000	5000000000	0	0	0	80000	120000	80000	120000	0	0	0	0	100	0	0	
T¨ng thÓ lùc 	0	2	5	99	20	20	-1	-1	0	0	5000000000	5000000000	5000000000	5000000000	5000000000	5000000000	5000000000	5000000000	5000000000	5000000000	5000000000	0	0	0	120000	240000	120000	240000	0	0	0	0	100	0	0	
T¨ng thÓ lùc 	0	2	6	99	20	20	-1	-1	0	0	5000000000	5000000000	5000000000	5000000000	5000000000	5000000000	5000000000	5000000000	5000000000	5000000000	5000000000	0	0	0	300000	500000	300000	500000	0	0	0	0	100	0	0	
T¨ng thÓ lùc 	0	2	7	99	20	20	-1	-1	0	0	5000000000	5000000000	5000000000	5000000000	5000000000	5000000000	5000000000	5000000000	5000000000	5000000000	5000000000	0	0	0	900000	1500000	900000	1500000	0	0	0	0	100	0	0	
T¨ng thÓ lùc 	0	2	8	99	20	20	-1	-1	0	0	5000000000	5000000000	5000000000	5000000000	5000000000	5000000000	5000000000	5000000000	5000000000	5000000000	5000000000	0	0	0	3000000	4500000	3000000	4500000	0	0	0	0	100	0	0	
T¨ng thÓ lùc 	0	2	9	99	20	20	-1	-1	0	0	5000000000	5000000000	5000000000	5000000000	5000000000	5000000000	5000000000	5000000000	5000000000	5000000000	5000000000	0	0	0	5000000	8000000	5000000	8000000	0	0	0	0	100	0	0	
T¨ng thÓ lùc 	0	2	10	99	20	20	-1	-1	0	0	5000000000	5000000000	5000000000	5000000000	5000000000	5000000000	5000000000	5000000000	5000000000	5000000000	5000000000	0	0	0	10000000	15000000	10000000	15000000	0	0	0	0	100	0	0	
Chèng cho¸ng	0	2	1	110	40	40	-1	-1	0	0	5000000000	5000000000	5000000000	5000000000	5000000000	5000000000	5000000000	5000000000	5000000000	5000000000	5000000000	0	0	0	100000	100000	100000	100000	0	0	0	0	100	0	0	
Chèng cho¸ng	0	2	2	110	40	40	-1	-1	0	0	5000000000	5000000000	5000000000	5000000000	5000000000	5000000000	5000000000	5000000000	5000000000	5000000000	5000000000	0	0	0	100000	100000	100000	100000	0	0	0	0	100	0	0	
Chèng cho¸ng	0	2	3	110	40	40	-1	-1	0	0	5000000000	5000000000	5000000000	5000000000	5000000000	5000000000	5000000000	5000000000	5000000000	5000000000	5000000000	0	0	0	100000	100000	100000	100000	0	0	0	0	100	0	0	
Chèng cho¸ng	0	2	4	110	40	40	-1	-1	0	0	5000000000	5000000000	5000000000	5000000000	5000000000	5000000000	5000000000	5000000000	5000000000	5000000000	5000000000	0	0	0	100000	100000	100000	100000	0	0	0	0	100	0	0	
Chèng cho¸ng	0	2	5	110	40	40	-1	-1	0	0	5000000000	5000000000	5000000000	5000000000	5000000000	5000000000	5000000000	5000000000	5000000000	5000000000	5000000000	0	0	0	1200000	3000000	1200000	3000000	0	0	0	0	100	0	0	
Chèng cho¸ng	0	2	6	110	40	40	-1	-1	0	0	5000000000	5000000000	5000000000	5000000000	5000000000	5000000000	5000000000	5000000000	5000000000	5000000000	5000000000	0	0	0	1200000	3000000	1200000	3000000	0	0	0	0	100	0	0	
Chèng cho¸ng	0	2	7	110	40	40	-1	-1	0	0	5000000000	5000000000	5000000000	5000000000	5000000000	5000000000	5000000000	5000000000	5000000000	5000000000	5000000000	0	0	0	1200000	3000000	1200000	3000000	0	0	0	0	100	0	0	
Chèng cho¸ng	0	2	8	110	40	40	-1	-1	0	0	5000000000	5000000000	5000000000	5000000000	5000000000	5000000000	5000000000	5000000000	5000000000	5000000000	5000000000	0	0	0	12000000	20000000	12000000	20000000	0	0	0	0	100	0	0	
Chèng cho¸ng	0	2	9	110	40	40	-1	-1	0	0	5000000000	5000000000	5000000000	5000000000	5000000000	5000000000	5000000000	5000000000	5000000000	5000000000	5000000000	0	0	0	12000000	20000000	12000000	20000000	0	0	0	0	100	0	0	
Chèng cho¸ng	0	2	10	110	40	40	-1	-1	0	0	5000000000	5000000000	5000000000	5000000000	5000000000	5000000000	5000000000	5000000000	5000000000	5000000000	5000000000	0	0	0	12000000	20000000	12000000	20000000	0	0	0	0	100	0	0	
T¨ng May m¾n	0	1	1	135	10	10	-1	-1	0	0	5000000000	0	0	0	0	0	0	0	0	0	0	0	0	0	0	0	0	0	0	0	0	100	0	0	0	
T¨ng May m¾n	0	1	2	135	10	10	-1	-1	0	0	5000000000	0	0	0	0	0	0	0	0	0	0	0	0	0	0	0	0	0	0	0	0	100	0	0	0	
T¨ng May m¾n	0	1	3	135	10	10	-1	-1	0	0	5000000000	0	0	0	0	0	0	0	0	0	0	0	0	0	0	0	0	0	0	0	0	100	0	0	0	
T¨ng May m¾n	0	1	4	135	10	10	-1	-1	0	0	5000000000	0	0	0	0	0	0	0	0	0	0	0	0	0	0	0	0	0	0	0	0	100	0	0	0	
T¨ng May m¾n	0	1	5	135	10	10	-1	-1	0	0	5000000000	0	0	0	0	0	0	0	0	0	0	0	0	0	0	0	0	0	0	0	0	100	0	0	0	
T¨ng May m¾n	0	1	6	135	10	10	-1	-1	0	0	5000000000	0	0	0	0	0	0	0	0	0	0	0	0	0	0	0	0	0	0	0	0	100	0	0	0	
T¨ng May m¾n	0	1	7	135	10	10	-1	-1	0	0	5000000000	0	0	0	0	0	0	0	0	0	0	0	0	0	0	0	0	0	0	0	0	100	0	0	0	
T¨ng May m¾n	0	1	8	135	10	10	-1	-1	0	0	5000000000	0	0	0	0	0	0	0	0	0	0	0	0	0	0	0	0	0	0	0	0	100	0	0	0	
T¨ng May m¾n	0	1	9	135	10	10	-1	-1	0	0	5000000000	0	0	0	0	0	0	0	0	0	0	0	0	0	0	0	0	0	0	0	0	100	0	0	0	
T¨ng May m¾n	0	1	10	135	10	10	-1	-1	0	0	5000000000	0	0	0	0	0	0	0	0	0	0	0	0	0	0	0	0	0	0	0	0	100	0	0	0	
Gi¶m thêi gian ®ãng b¨ng	0	3	1	106	40	40	-1	-1	0	0	5000000000	5000000000	5000000000	5000000000	5000000000	5000000000	5000000000	5000000000	5000000000	5000000000	5000000000	0	0	0	100000	100000	100000	100000	0	0	0	0	0	100	0	
Gi¶m thêi gian ®ãng b¨ng	0	3	2	106	40	40	-1	-1	0	0	5000000000	5000000000	5000000000	5000000000	5000000000	5000000000	5000000000	5000000000	5000000000	5000000000	5000000000	0	0	0	100000	100000	100000	100000	0	0	0	0	0	100	0	
Gi¶m thêi gian ®ãng b¨ng	0	3	3	106	40	40	-1	-1	0	0	5000000000	5000000000	5000000000	5000000000	5000000000	5000000000	5000000000	5000000000	5000000000	5000000000	5000000000	0	0	0	100000	100000	100000	100000	0	0	0	0	0	100	0	
Gi¶m thêi gian ®ãng b¨ng	0	3	4	106	40	40	-1	-1	0	0	5000000000	5000000000	5000000000	5000000000	5000000000	5000000000	5000000000	5000000000	5000000000	5000000000	5000000000	0	0	0	100000	100000	100000	100000	0	0	0	0	0	100	0	
Gi¶m thêi gian ®ãng b¨ng	0	3	5	106	40	40	-1	-1	0	0	5000000000	5000000000	5000000000	5000000000	5000000000	5000000000	5000000000	5000000000	5000000000	5000000000	5000000000	0	0	0	900000	1000000	900000	1000000	0	0	0	0	0	100	0	
Gi¶m thêi gian ®ãng b¨ng	0	3	6	106	40	40	-1	-1	0	0	5000000000	5000000000	5000000000	5000000000	5000000000	5000000000	5000000000	5000000000	5000000000	5000000000	5000000000	0	0	0	900000	1000000	900000	1000000	0	0	0	0	0	100	0	
kh«ng thÓ ®ãng b¨ng	0	3	7	106	40	40	-1	-1	0	0	5000000000	5000000000	5000000000	5000000000	5000000000	5000000000	5000000000	5000000000	5000000000	5000000000	5000000000	0	0	0	900000	1000000	900000	1000000	0	0	0	0	0	100	0	
kh«ng thÓ ®ãng b¨ng	0	3	8	106	40	40	-1	-1	0	0	5000000000	5000000000	5000000000	5000000000	5000000000	5000000000	5000000000	5000000000	5000000000	5000000000	5000000000	0	0	0	12000000	15000000	12000000	15000000	0	0	0	0	0	100	0	
kh«ng thÓ ®ãng b¨ng	0	3	9	106	40	40	-1	-1	0	0	5000000000	5000000000	5000000000	5000000000	5000000000	5000000000	5000000000	5000000000	5000000000	5000000000	5000000000	0	0	0	12000000	15000000	12000000	15000000	0	0	0	0	0	100	0	
kh«ng thÓ ®ãng b¨ng	0	3	10	106	40	40	-1	-1	0	0	5000000000	5000000000	5000000000	5000000000	5000000000	5000000000	5000000000	5000000000	5000000000	5000000000	5000000000	0	0	0	12000000	15000000	12000000	15000000	0	0	0	0	0	100	0	
T¨ng nhanh nhÑn	0	3	1	98	20	20	-1	-1	0	0	5000000000	0	0	0	0	0	0	0	0	0	5000000000	0	0	0	30000	30000	30000	30000	0	0	0	0	0	100	0	
T¨ng nhanh nhÑn	0	3	2	98	20	20	-1	-1	0	0	5000000000	0	0	0	0	0	0	0	0	0	5000000000	0	0	0	40000	60000	40000	60000	0	0	0	0	0	100	0	
T¨ng nhanh nhÑn	0	3	3	98	20	20	-1	-1	0	0	5000000000	0	0	0	0	0	0	0	0	0	5000000000	0	0	0	50000	80000	50000	80000	0	0	0	0	0	100	0	
T¨ng nhanh nhÑn	0	3	4	98	20	20	-1	-1	0	0	5000000000	0	0	0	0	0	0	0	0	0	5000000000	0	0	0	80000	120000	80000	120000	0	0	0	0	0	100	0	
T¨ng nhanh nhÑn	0	3	5	98	20	20	-1	-1	0	0	5000000000	0	0	0	0	0	0	0	0	0	5000000000	0	0	0	120000	240000	120000	240000	0	0	0	0	0	100	0	
T¨ng nhanh nhÑn	0	3	6	98	20	20	-1	-1	0	0	5000000000	0	0	0	0	0	0	0	0	0	5000000000	0	0	0	300000	500000	300000	500000	0	0	0	0	0	100	0	
T¨ng nhanh nhÑn	0	3	7	98	20	20	-1	-1	0	0	5000000000	0	0	0	0	0	0	0	0	0	5000000000	0	0	0	900000	1500000	900000	1500000	0	0	0	0	0	100	0	
T¨ng nhanh nhÑn	0	3	8	98	20	20	-1	-1	0	0	5000000000	0	0	0	0	0	0	0	0	0	5000000000	0	0	0	3000000	4500000	3000000	4500000	0	0	0	0	0	100	0	
T¨ng nhanh nhÑn	0	3	9	98	20	20	-1	-1	0	0	5000000000	0	0	0	0	0	0	0	0	0	5000000000	0	0	0	5000000	8000000	5000000	8000000	0	0	0	0	0	100	0	
T¨ng nhanh nhÑn	0	3	10	98	20	20	-1	-1	0	0	5000000000	0	0	0	0	0	0	0	0	0	5000000000	0	0	0	10000000	15000000	10000000	15000000	0	0	0	0	0	100	0	
Gi¶m thêi gian tróng ®éc	0	4	1	108	40	40	-1	-1	0	0	5000000000	5000000000	5000000000	5000000000	5000000000	5000000000	5000000000	5000000000	5000000000	5000000000	5000000000	0	0	0	100000	100000	100000	100000	0	0	0	0	0	0	100	
Gi¶m thêi gian tróng ®éc	0	4	2	108	40	40	-1	-1	0	0	5000000000	5000000000	5000000000	5000000000	5000000000	5000000000	5000000000	5000000000	5000000000	5000000000	5000000000	0	0	0	100000	100000	100000	100000	0	0	0	0	0	0	100	
Gi¶m thêi gian tróng ®éc	0	4	3	108	40	40	-1	-1	0	0	5000000000	5000000000	5000000000	5000000000	5000000000	5000000000	5000000000	5000000000	5000000000	5000000000	5000000000	0	0	0	100000	100000	100000	100000	0	0	0	0	0	0	100	
Gi¶m thêi gian tróng ®éc	0	4	4	108	40	40	-1	-1	0	0	5000000000	5000000000	5000000000	5000000000	5000000000	5000000000	5000000000	5000000000	5000000000	5000000000	5000000000	0	0	0	100000	100000	100000	100000	0	0	0	0	0	0	100	
Gi¶m thêi gian tróng ®éc	0	4	5	108	40	40	-1	-1	0	0	5000000000	5000000000	5000000000	5000000000	5000000000	5000000000	5000000000	5000000000	5000000000	5000000000	5000000000	0	0	0	900000	1000000	900000	1000000	0	0	0	0	0	0	100	
Gi¶m thêi gian tróng ®éc	0	4	6	108	40	40	-1	-1	0	0	5000000000	5000000000	5000000000	5000000000	5000000000	5000000000	5000000000	5000000000	5000000000	5000000000	5000000000	0	0	0	900000	1000000	900000	1000000	0	0	0	0	0	0	100	
Gi¶m thêi gian tróng ®éc	0	4	7	108	40	40	-1	-1	0	0	5000000000	5000000000	5000000000	5000000000	5000000000	5000000000	5000000000	5000000000	5000000000	5000000000	5000000000	0	0	0	900000	1000000	900000	1000000	0	0	0	0	0	0	100	
Gi¶m thêi gian tróng ®éc	0	4	8	108	40	40	-1	-1	0	0	5000000000	5000000000	5000000000	5000000000	5000000000	5000000000	5000000000	5000000000	5000000000	5000000000	5000000000	0	0	0	12000000	15000000	12000000	15000000	0	0	0	0	0	0	100	
Gi¶m thêi gian tróng ®éc	0	4	9	108	40	40	-1	-1	0	0	5000000000	5000000000	5000000000	5000000000	5000000000	5000000000	5000000000	5000000000	5000000000	5000000000	5000000000	0	0	0	12000000	15000000	12000000	15000000	0	0	0	0	0	0	100	
Gi¶m thêi gian tróng ®éc	0	4	10	108	40	40	-1	-1	0	0	5000000000	5000000000	5000000000	5000000000	5000000000	5000000000	5000000000	5000000000	5000000000	5000000000	5000000000	0	0	0	12000000	15000000	12000000	15000000	0	0	0	0	0	0	100	
T¨ng Kü n¨ng hÖ Kim	0	0	1	140	5	5	-1	-1	0	0	0	0	0	0	0	0	0	0	0	0	0	0	0	0	0	0	0	0	0	0	0	0	0	0	0	
T¨ng Kü n¨ng hÖ Kim	0	0	2	140	5	5	-1	-1	0	0	0	0	0	0	0	0	0	0	0	0	0	0	0	0	0	0	0	0	0	0	0	0	0	0	0	
T¨ng Kü n¨ng hÖ Kim	0	0	3	140	5	5	-1	-1	0	0	0	0	0	0	0	0	0	0	0	0	0	0	0	0	0	0	0	0	0	0	0	0	0	0	0	
T¨ng Kü n¨ng hÖ Kim	0	0	4	140	5	5	-1	-1	0	0	0	0	0	0	0	0	0	0	0	0	0	0	0	0	0	0	0	0	0	0	0	0	0	0	0	
T¨ng Kü n¨ng hÖ Kim	0	0	5	140	5	5	-1	-1	0	0	0	0	0	0	0	0	0	0	0	0	0	0	0	0	0	0	0	0	0	0	0	0	0	0	0	
T¨ng Kü n¨ng hÖ Kim	0	0	6	140	5	5	-1	-1	0	0	0	0	0	0	0	0	0	0	0	0	0	0	0	0	0	0	0	0	0	0	0	0	0	0	0	
T¨ng Kü n¨ng hÖ Kim	0	0	7	140	5	5	-1	-1	0	0	0	0	0	0	0	0	0	0	0	0	0	0	0	0	0	0	0	0	0	0	0	0	0	0	0	
T¨ng Kü n¨ng hÖ Kim	0	0	8	140	5	5	-1	-1	0	0	0	0	0	0	0	0	0	0	0	0	0	0	0	0	0	0	0	0	0	0	0	0	0	0	0	
T¨ng Kü n¨ng hÖ Kim	0	0	9	140	5	5	-1	-1	0	0	0	0	0	0	0	0	0	0	0	0	0	0	0	0	0	0	0	0	0	0	0	0	0	0	0	
T¨ng Kü n¨ng hÖ Kim	0	0	10	140	5	5	-1	-1	0	0	0	0	0	0	0	0	0	0	0	0	0	0	0	0	0	0	0	0	0	0	0	0	0	0	0	
T¨ng Kü n¨ng hÖ Thñy	0	2	1	142	5	5	-1	-1	0	0	0	0	0	0	0	0	0	0	0	0	0	0	0	0	0	0	0	0	0	0	0	0	0	0	0	
T¨ng Kü n¨ng hÖ Thñy	0	2	2	142	5	5	-1	-1	0	0	0	0	0	0	0	0	0	0	0	0	0	0	0	0	0	0	0	0	0	0	0	0	0	0	0	
T¨ng Kü n¨ng hÖ Thñy	0	2	3	142	5	5	-1	-1	0	0	0	0	0	0	0	0	0	0	0	0	0	0	0	0	0	0	0	0	0	0	0	0	0	0	0	
T¨ng Kü n¨ng hÖ Thñy	0	2	4	142	5	5	-1	-1	0	0	0	0	0	0	0	0	0	0	0	0	0	0	0	0	0	0	0	0	0	0	0	0	0	0	0	
T¨ng Kü n¨ng hÖ Thñy	0	2	5	142	5	5	-1	-1	0	0	0	0	0	0	0	0	0	0	0	0	0	0	0	0	0	0	0	0	0	0	0	0	0	0	0	
T¨ng Kü n¨ng hÖ Thñy	0	2	6	142	5	5	-1	-1	0	0	0	0	0	0	0	0	0	0	0	0	0	0	0	0	0	0	0	0	0	0	0	0	0	0	0	
T¨ng Kü n¨ng hÖ Thñy	0	2	7	142	5	5	-1	-1	0	0	0	0	0	0	0	0	0	0	0	0	0	0	0	0	0	0	0	0	0	0	0	0	0	0	0	
T¨ng Kü n¨ng hÖ Thñy	0	2	8	142	5	5	-1	-1	0	0	0	0	0	0	0	0	0	0	0	0	0	0	0	0	0	0	0	0	0	0	0	0	0	0	0	
T¨ng Kü n¨ng hÖ Thñy	0	2	9	142	5	5	-1	-1	0	0	0	0	0	0	0	0	0	0	0	0	0	0	0	0	0	0	0	0	0	0	0	0	0	0	0	
T¨ng Kü n¨ng hÖ Thñy	0	2	10	142	5	5	-1	-1	0	0	0	0	0	0	0	0	0	0	0	0	0	0	0	0	0	0	0	0	0	0	0	0	0	0	0	
T¨ng Kü n¨ng hÖ Méc	0	1	1	141	5	5	-1	-1	0	0	0	0	0	0	0	0	0	0	0	0	0	0	0	0	0	0	0	0	0	0	0	0	0	0	0	
T¨ng Kü n¨ng hÖ Méc	0	1	2	141	5	5	-1	-1	0	0	0	0	0	0	0	0	0	0	0	0	0	0	0	0	0	0	0	0	0	0	0	0	0	0	0	
T¨ng Kü n¨ng hÖ Méc	0	1	3	141	5	5	-1	-1	0	0	0	0	0	0	0	0	0	0	0	0	0	0	0	0	0	0	0	0	0	0	0	0	0	0	0	
T¨ng Kü n¨ng hÖ Méc	0	1	4	141	5	5	-1	-1	0	0	0	0	0	0	0	0	0	0	0	0	0	0	0	0	0	0	0	0	0	0	0	0	0	0	0	
T¨ng Kü n¨ng hÖ Méc	0	1	5	141	5	5	-1	-1	0	0	0	0	0	0	0	0	0	0	0	0	0	0	0	0	0	0	0	0	0	0	0	0	0	0	0	
T¨ng Kü n¨ng hÖ Méc	0	1	6	141	5	5	-1	-1	0	0	0	0	0	0	0	0	0	0	0	0	0	0	0	0	0	0	0	0	0	0	0	0	0	0	0	
T¨ng Kü n¨ng hÖ Méc	0	1	7	141	5	5	-1	-1	0	0	0	0	0	0	0	0	0	0	0	0	0	0	0	0	0	0	0	0	0	0	0	0	0	0	0	
T¨ng Kü n¨ng hÖ Méc	0	1	8	141	5	5	-1	-1	0	0	0	0	0	0	0	0	0	0	0	0	0	0	0	0	0	0	0	0	0	0	0	0	0	0	0	
T¨ng Kü n¨ng hÖ Méc	0	1	9	141	5	5	-1	-1	0	0	0	0	0	0	0	0	0	0	0	0	0	0	0	0	0	0	0	0	0	0	0	0	0	0	0	
T¨ng Kü n¨ng hÖ Méc	0	1	10	141	5	5	-1	-1	0	0	0	0	0	0	0	0	0	0	0	0	0	0	0	0	0	0	0	0	0	0	0	0	0	0	0	
T¨ng Kü n¨ng hÖ Háa	0	3	1	143	5	5	-1	-1	0	0	0	0	0	0	0	0	0	0	0	0	0	0	0	0	0	0	0	0	0	0	0	0	0	0	0	
T¨ng Kü n¨ng hÖ Háa	0	3	2	143	5	5	-1	-1	0	0	0	0	0	0	0	0	0	0	0	0	0	0	0	0	0	0	0	0	0	0	0	0	0	0	0	
T¨ng Kü n¨ng hÖ Háa	0	3	3	143	5	5	-1	-1	0	0	0	0	0	0	0	0	0	0	0	0	0	0	0	0	0	0	0	0	0	0	0	0	0	0	0	
T¨ng Kü n¨ng hÖ Háa	0	3	4	143	5	5	-1	-1	0	0	0	0	0	0	0	0	0	0	0	0	0	0	0	0	0	0	0	0	0	0	0	0	0	0	0	
T¨ng Kü n¨ng hÖ Háa	0	3	5	143	5	5	-1	-1	0	0	0	0	0	0	0	0	0	0	0	0	0	0	0	0	0	0	0	0	0	0	0	0	0	0	0	
T¨ng Kü n¨ng hÖ Háa	0	3	6	143	5	5	-1	-1	0	0	0	0	0	0	0	0	0	0	0	0	0	0	0	0	0	0	0	0	0	0	0	0	0	0	0	
T¨ng Kü n¨ng hÖ Háa	0	3	7	143	5	5	-1	-1	0	0	0	0	0	0	0	0	0	0	0	0	0	0	0	0	0	0	0	0	0	0	0	0	0	0	0	
T¨ng Kü n¨ng hÖ Háa	0	3	8	143	5	5	-1	-1	0	0	0	0	0	0	0	0	0	0	0	0	0	0	0	0	0	0	0	0	0	0	0	0	0	0	0	
T¨ng Kü n¨ng hÖ Háa	0	3	9	143	5	5	-1	-1	0	0	0	0	0	0	0	0	0	0	0	0	0	0	0	0	0	0	0	0	0	0	0	0	0	0	0	
T¨ng Kü n¨ng hÖ Háa	0	3	10	143	5	5	-1	-1	0	0	0	0	0	0	0	0	0	0	0	0	0	0	0	0	0	0	0	0	0	0	0	0	0	0	0	
T¨ng Kü n¨ng hÖ Thæ 	0	4	1	144	5	5	-1	-1	0	0	0	0	0	0	0	0	0	0	0	0	0	0	0	0	0	0	0	0	0	0	0	0	0	0	0	
T¨ng Kü n¨ng hÖ Thæ 	0	4	2	144	5	5	-1	-1	0	0	0	0	0	0	0	0	0	0	0	0	0	0	0	0	0	0	0	0	0	0	0	0	0	0	0	
T¨ng Kü n¨ng hÖ Thæ 	0	4	3	144	5	5	-1	-1	0	0	0	0	0	0	0	0	0	0	0	0	0	0	0	0	0	0	0	0	0	0	0	0	0	0	0	
T¨ng Kü n¨ng hÖ Thæ 	0	4	4	144	5	5	-1	-1	0	0	0	0	0	0	0	0	0	0	0	0	0	0	0	0	0	0	0	0	0	0	0	0	0	0	0	
T¨ng Kü n¨ng hÖ Thæ 	0	4	5	144	5	5	-1	-1	0	0	0	0	0	0	0	0	0	0	0	0	0	0	0	0	0	0	0	0	0	0	0	0	0	0	0	
T¨ng Kü n¨ng hÖ Thæ 	0	4	6	144	5	5	-1	-1	0	0	0	0	0	0	0	0	0	0	0	0	0	0	0	0	0	0	0	0	0	0	0	0	0	0	0	
T¨ng Kü n¨ng hÖ Thæ 	0	4	7	144	5	5	-1	-1	0	0	0	0	0	0	0	0	0	0	0	0	0	0	0	0	0	0	0	0	0	0	0	0	0	0	0	
T¨ng Kü n¨ng hÖ Thæ 	0	4	8	144	5	5	-1	-1	0	0	0	0	0	0	0	0	0	0	0	0	0	0	0	0	0	0	0	0	0	0	0	0	0	0	0	
T¨ng Kü n¨ng hÖ Thæ 	0	4	9	144	5	5	-1	-1	0	0	0	0	0	0	0	0	0	0	0	0	0	0	0	0	0	0	0	0	0	0	0	0	0	0	0	
T¨ng Kü n¨ng hÖ Thæ 	0	4	10	144	5	5	-1	-1	0	0	0	0	0	0	0	0	0	0	0	0	0	0	0	0	0	0	0	0	0	0	0	0	0	0	0	
T¨ng S¸t th­¬ng hÖ Kim	0	0	1	168	200	200	-1	-1	0	0	5000000000	5000000000	5000000000	5000000000	5000000000	5000000000	5000000000	5000000000	5000000000	5000000000	0	0	0	0	0	0	0	0	0	0	100	0	0	0	0	
T¨ng S¸t th­¬ng hÖ Kim	0	0	2	168	200	200	-1	-1	0	0	5000000000	5000000000	5000000000	5000000000	5000000000	5000000000	5000000000	5000000000	5000000000	5000000000	0	0	0	0	0	0	0	0	0	0	100	0	0	0	0	
T¨ng S¸t th­¬ng hÖ Kim	0	0	3	168	200	200	-1	-1	0	0	5000000000	5000000000	5000000000	5000000000	5000000000	5000000000	5000000000	5000000000	5000000000	5000000000	0	0	0	0	0	0	0	0	0	0	100	0	0	0	0	
T¨ng S¸t th­¬ng hÖ Kim	0	0	4	168	200	200	-1	-1	0	0	5000000000	5000000000	5000000000	5000000000	5000000000	5000000000	5000000000	5000000000	5000000000	5000000000	0	0	0	0	0	0	0	0	0	0	100	0	0	0	0	
T¨ng S¸t th­¬ng hÖ Kim	0	0	5	168	200	200	-1	-1	0	0	5000000000	5000000000	5000000000	5000000000	5000000000	5000000000	5000000000	5000000000	5000000000	5000000000	0	0	0	0	0	0	0	0	0	0	100	0	0	0	0	
T¨ng S¸t th­¬ng hÖ Kim	0	0	6	168	200	200	-1	-1	0	0	5000000000	5000000000	5000000000	5000000000	5000000000	5000000000	5000000000	5000000000	5000000000	5000000000	0	0	0	0	0	0	0	0	0	0	100	0	0	0	0	
T¨ng S¸t th­¬ng hÖ Kim	0	0	7	168	200	200	-1	-1	0	0	5000000000	5000000000	5000000000	5000000000	5000000000	5000000000	5000000000	5000000000	5000000000	5000000000	0	0	0	0	0	0	0	0	0	0	100	0	0	0	0	
T¨ng S¸t th­¬ng hÖ Kim	0	0	8	168	200	200	-1	-1	0	0	5000000000	5000000000	5000000000	5000000000	5000000000	5000000000	5000000000	5000000000	5000000000	5000000000	0	0	0	0	0	0	0	0	0	0	100	0	0	0	0	
T¨ng S¸t th­¬ng hÖ Kim	0	0	9	168	200	200	-1	-1	0	0	5000000000	5000000000	5000000000	5000000000	5000000000	5000000000	5000000000	5000000000	5000000000	5000000000	0	0	0	0	0	0	0	0	0	0	100	0	0	0	0	
T¨ng S¸t th­¬ng hÖ Kim	0	0	10	168	200	200	-1	-1	0	0	5000000000	5000000000	5000000000	5000000000	5000000000	5000000000	5000000000	5000000000	5000000000	5000000000	0	0	0	0	0	0	0	0	0	0	100	0	0	0	0	
T¨ng S¸t th­¬ng hÖ Thñy	0	2	1	169	200	200	-1	-1	0	0	5000000000	5000000000	5000000000	5000000000	5000000000	5000000000	5000000000	5000000000	5000000000	5000000000	0	0	0	0	0	0	0	0	0	0	0	0	100	0	0	
T¨ng S¸t th­¬ng hÖ Thñy	0	2	2	169	200	200	-1	-1	0	0	5000000000	5000000000	5000000000	5000000000	5000000000	5000000000	5000000000	5000000000	5000000000	5000000000	0	0	0	0	0	0	0	0	0	0	0	0	100	0	0	
T¨ng S¸t th­¬ng hÖ Thñy	0	2	3	169	200	200	-1	-1	0	0	5000000000	5000000000	5000000000	5000000000	5000000000	5000000000	5000000000	5000000000	5000000000	5000000000	0	0	0	0	0	0	0	0	0	0	0	0	100	0	0	
T¨ng S¸t th­¬ng hÖ Thñy	0	2	4	169	200	200	-1	-1	0	0	5000000000	5000000000	5000000000	5000000000	5000000000	5000000000	5000000000	5000000000	5000000000	5000000000	0	0	0	0	0	0	0	0	0	0	0	0	100	0	0	
T¨ng S¸t th­¬ng hÖ Thñy	0	2	5	169	200	200	-1	-1	0	0	5000000000	5000000000	5000000000	5000000000	5000000000	5000000000	5000000000	5000000000	5000000000	5000000000	0	0	0	0	0	0	0	0	0	0	0	0	100	0	0	
T¨ng S¸t th­¬ng hÖ Thñy	0	2	6	169	200	200	-1	-1	0	0	5000000000	5000000000	5000000000	5000000000	5000000000	5000000000	5000000000	5000000000	5000000000	5000000000	0	0	0	0	0	0	0	0	0	0	0	0	100	0	0	
T¨ng S¸t th­¬ng hÖ Thñy	0	2	7	169	200	200	-1	-1	0	0	5000000000	5000000000	5000000000	5000000000	5000000000	5000000000	5000000000	5000000000	5000000000	5000000000	0	0	0	0	0	0	0	0	0	0	0	0	100	0	0	
T¨ng S¸t th­¬ng hÖ Thñy	0	2	8	169	200	200	-1	-1	0	0	5000000000	5000000000	5000000000	5000000000	5000000000	5000000000	5000000000	5000000000	5000000000	5000000000	0	0	0	0	0	0	0	0	0	0	0	0	100	0	0	
T¨ng S¸t th­¬ng hÖ Thñy	0	2	9	169	200	200	-1	-1	0	0	5000000000	5000000000	5000000000	5000000000	5000000000	5000000000	5000000000	5000000000	5000000000	5000000000	0	0	0	0	0	0	0	0	0	0	0	0	100	0	0	
T¨ng S¸t th­¬ng hÖ Thñy	0	2	10	169	200	200	-1	-1	0	0	5000000000	5000000000	5000000000	5000000000	5000000000	5000000000	5000000000	5000000000	5000000000	5000000000	0	0	0	0	0	0	0	0	0	0	0	0	100	0	0	
T¨ng S¸t th­¬ng hÖ Háa	0	3	1	170	200	200	-1	-1	0	0	5000000000	5000000000	5000000000	5000000000	5000000000	5000000000	5000000000	5000000000	5000000000	5000000000	0	0	0	0	0	0	0	0	0	0	0	0	0	100	0	
T¨ng S¸t th­¬ng hÖ Háa	0	3	2	170	200	200	-1	-1	0	0	5000000000	5000000000	5000000000	5000000000	5000000000	5000000000	5000000000	5000000000	5000000000	5000000000	0	0	0	0	0	0	0	0	0	0	0	0	0	100	0	
T¨ng S¸t th­¬ng hÖ Háa	0	3	3	170	200	200	-1	-1	0	0	5000000000	5000000000	5000000000	5000000000	5000000000	5000000000	5000000000	5000000000	5000000000	5000000000	0	0	0	0	0	0	0	0	0	0	0	0	0	100	0	
T¨ng S¸t th­¬ng hÖ Háa	0	3	4	170	200	200	-1	-1	0	0	5000000000	5000000000	5000000000	5000000000	5000000000	5000000000	5000000000	5000000000	5000000000	5000000000	0	0	0	0	0	0	0	0	0	0	0	0	0	100	0	
T¨ng S¸t th­¬ng hÖ Háa	0	3	5	170	200	200	-1	-1	0	0	5000000000	5000000000	5000000000	5000000000	5000000000	5000000000	5000000000	5000000000	5000000000	5000000000	0	0	0	0	0	0	0	0	0	0	0	0	0	100	0	
T¨ng S¸t th­¬ng hÖ Háa	0	3	6	170	200	200	-1	-1	0	0	5000000000	5000000000	5000000000	5000000000	5000000000	5000000000	5000000000	5000000000	5000000000	5000000000	0	0	0	0	0	0	0	0	0	0	0	0	0	100	0	
T¨ng S¸t th­¬ng hÖ Háa	0	3	7	170	200	200	-1	-1	0	0	5000000000	5000000000	5000000000	5000000000	5000000000	5000000000	5000000000	5000000000	5000000000	5000000000	0	0	0	0	0	0	0	0	0	0	0	0	0	100	0	
T¨ng S¸t th­¬ng hÖ Háa	0	3	8	170	200	200	-1	-1	0	0	5000000000	5000000000	5000000000	5000000000	5000000000	5000000000	5000000000	5000000000	5000000000	5000000000	0	0	0	0	0	0	0	0	0	0	0	0	0	100	0	
T¨ng S¸t th­¬ng hÖ Háa	0	3	9	170	200	200	-1	-1	0	0	5000000000	5000000000	5000000000	5000000000	5000000000	5000000000	5000000000	5000000000	5000000000	5000000000	0	0	0	0	0	0	0	0	0	0	0	0	0	100	0	
T¨ng S¸t th­¬ng hÖ Háa	0	3	10	170	200	200	-1	-1	0	0	5000000000	5000000000	5000000000	5000000000	5000000000	5000000000	5000000000	5000000000	5000000000	5000000000	0	0	0	0	0	0	0	0	0	0	0	0	0	100	0	
T¨ng S¸t th­¬ng hÖ Thæ 	0	4	1	171	200	200	-1	-1	0	0	5000000000	5000000000	5000000000	5000000000	5000000000	5000000000	5000000000	5000000000	5000000000	5000000000	0	0	0	0	0	0	0	0	0	0	0	0	0	0	100	
T¨ng S¸t th­¬ng hÖ Thæ 	0	4	2	171	200	200	-1	-1	0	0	5000000000	5000000000	5000000000	5000000000	5000000000	5000000000	5000000000	5000000000	5000000000	5000000000	0	0	0	0	0	0	0	0	0	0	0	0	0	0	100	
T¨ng S¸t th­¬ng hÖ Thæ 	0	4	3	171	200	200	-1	-1	0	0	5000000000	5000000000	5000000000	5000000000	5000000000	5000000000	5000000000	5000000000	5000000000	5000000000	0	0	0	0	0	0	0	0	0	0	0	0	0	0	100	
T¨ng S¸t th­¬ng hÖ Thæ 	0	4	4	171	200	200	-1	-1	0	0	5000000000	5000000000	5000000000	5000000000	5000000000	5000000000	5000000000	5000000000	5000000000	5000000000	0	0	0	0	0	0	0	0	0	0	0	0	0	0	100	
T¨ng S¸t th­¬ng hÖ Thæ 	0	4	5	171	200	200	-1	-1	0	0	5000000000	5000000000	5000000000	5000000000	5000000000	5000000000	5000000000	5000000000	5000000000	5000000000	0	0	0	0	0	0	0	0	0	0	0	0	0	0	100	
T¨ng S¸t th­¬ng hÖ Thæ 	0	4	6	171	200	200	-1	-1	0	0	5000000000	5000000000	5000000000	5000000000	5000000000	5000000000	5000000000	5000000000	5000000000	5000000000	0	0	0	0	0	0	0	0	0	0	0	0	0	0	100	
T¨ng S¸t th­¬ng hÖ Thæ 	0	4	7	171	200	200	-1	-1	0	0	5000000000	5000000000	5000000000	5000000000	5000000000	5000000000	5000000000	5000000000	5000000000	5000000000	0	0	0	0	0	0	0	0	0	0	0	0	0	0	100	
T¨ng S¸t th­¬ng hÖ Thæ 	0	4	8	171	200	200	-1	-1	0	0	5000000000	5000000000	5000000000	5000000000	5000000000	5000000000	5000000000	5000000000	5000000000	5000000000	0	0	0	0	0	0	0	0	0	0	0	0	0	0	100	
T¨ng S¸t th­¬ng hÖ Thæ 	0	4	9	171	200	200	-1	-1	0	0	5000000000	5000000000	5000000000	5000000000	5000000000	5000000000	5000000000	5000000000	5000000000	5000000000	0	0	0	0	0	0	0	0	0	0	0	0	0	0	100	
T¨ng S¸t th­¬ng hÖ Thæ 	0	4	10	171	200	200	-1	-1	0	0	5000000000	5000000000	5000000000	5000000000	5000000000	5000000000	5000000000	5000000000	5000000000	5000000000	0	0	0	0	0	0	0	0	0	0	0	0	0	0	100	
T¨ng s¸t th­¬ng hÖ Méc	0	1	1	172	50	50	-1	-1	0	0	5000000000	5000000000	5000000000	5000000000	5000000000	5000000000	5000000000	5000000000	5000000000	5000000000	0	0	0	0	0	0	0	0	0	0	0	100	0	0	0	
T¨ng s¸t th­¬ng hÖ Méc	0	1	2	172	50	50	-1	-1	0	0	5000000000	5000000000	5000000000	5000000000	5000000000	5000000000	5000000000	5000000000	5000000000	5000000000	0	0	0	0	0	0	0	0	0	0	0	100	0	0	0	
T¨ng s¸t th­¬ng hÖ Méc	0	1	3	172	50	50	-1	-1	0	0	5000000000	5000000000	5000000000	5000000000	5000000000	5000000000	5000000000	5000000000	5000000000	5000000000	0	0	0	0	0	0	0	0	0	0	0	100	0	0	0	
T¨ng s¸t th­¬ng hÖ Méc	0	1	4	172	50	50	-1	-1	0	0	5000000000	5000000000	5000000000	5000000000	5000000000	5000000000	5000000000	5000000000	5000000000	5000000000	0	0	0	0	0	0	0	0	0	0	0	100	0	0	0	
T¨ng s¸t th­¬ng hÖ Méc	0	1	5	172	50	50	-1	-1	0	0	5000000000	5000000000	5000000000	5000000000	5000000000	5000000000	5000000000	5000000000	5000000000	5000000000	0	0	0	0	0	0	0	0	0	0	0	100	0	0	0	
T¨ng s¸t th­¬ng hÖ Méc	0	1	6	172	50	50	-1	-1	0	0	5000000000	5000000000	5000000000	5000000000	5000000000	5000000000	5000000000	5000000000	5000000000	5000000000	0	0	0	0	0	0	0	0	0	0	0	100	0	0	0	
T¨ng s¸t th­¬ng hÖ Méc	0	1	7	172	50	50	-1	-1	0	0	5000000000	5000000000	5000000000	5000000000	5000000000	5000000000	5000000000	5000000000	5000000000	5000000000	0	0	0	0	0	0	0	0	0	0	0	100	0	0	0	
T¨ng s¸t th­¬ng hÖ Méc	0	1	8	172	50	50	-1	-1	0	0	5000000000	5000000000	5000000000	5000000000	5000000000	5000000000	5000000000	5000000000	5000000000	5000000000	0	0	0	0	0	0	0	0	0	0	0	100	0	0	0	
T¨ng s¸t th­¬ng hÖ Méc	0	1	9	172	50	50	-1	-1	0	0	5000000000	5000000000	5000000000	5000000000	5000000000	5000000000	5000000000	5000000000	5000000000	5000000000	0	0	0	0	0	0	0	0	0	0	0	100	0	0	0	
T¨ng s¸t th­¬ng hÖ Méc	0	1	10	172	50	50	-1	-1	0	0	5000000000	5000000000	5000000000	5000000000	5000000000	5000000000	5000000000	5000000000	5000000000	5000000000	0	0	0	0	0	0	0	0	0	0	0	100	0	0	0	
